2.30812	1206
2.30822	1206
2.30837	1460
2.30849	1460
2.31818	1473
2.32818	1468
2.52356	1470
2.53356	1470
2.56856	1470
2.75393	1470
2.76393	1470
2.80893	1470
2.81893	1470
2.9943	1470
3.0043	1470
3.05931	1470
3.22468	1480
3.23468	1470
3.24468	1470
3.4503	4432
3.47006	1472
3.47471	12
3.68032	12
3.68067	1472
3.6808	1472
3.69067	1472
3.70067	1472
3.89605	1480
3.90605	1472
3.91035	12
3.92605	1472
4.15143	1474
4.16643	1474
4.37681	1472
4.39145	14
4.39181	1474
4.40181	1474
4.61718	1474
4.62718	1474
4.64219	1474
4.65219	1474
4.86756	1474
5.09818	4462
5.10794	1476
5.11794	1476
5.32332	1490
5.33332	1476
5.34332	1476
5.54895	1476
5.55335	16
5.5587	1476
5.92882	2970
5.9387	1478
5.9487	1478
6.15409	1494
6.16408	1478
6.17408	1478
6.37947	1480
6.38947	1480
6.60985	1480
6.61985	1480
6.85023	1480
6.86023	1480
7.09062	1480
7.10062	1480
7.321	1520
7.331	1480
7.56139	1480
7.57139	1480
7.79178	1500
7.80178	1480
7.81178	1480
8.01729	3020
8.02716	1480
8.24768	1478
8.25719	18
8.25768	1478
8.26768	1480
8.47319	1480
8.49306	1480
8.50306	1480
8.70358	1480
8.71358	1480
8.72358	1480
8.73346	1520
8.74345	1480
8.75345	1480
8.93896	1480
8.94896	1478
8.95884	1478
8.96884	1480
8.97348	20
8.97884	1480
9.15435	1480
9.16423	1478
9.17423	1480
9.179	20
9.18423	1480
9.20923	1480
9.37962	1480
9.39425	22
9.39963	1482
9.43462	1482
9.60501	1486
9.61013	2988
9.62502	1486
9.63502	1486
9.66501	1508
9.67501	1486
9.68501	1486
9.84041	1484
9.85041	1486
9.85507	26
9.87541	1486
9.88541	1486
9.9004	1486
9.9104	1486
10.0808	1486
10.0908	1486
10.1508	1486
10.1608	1486
10.3212	1486
10.3312	1486
10.3813	3046
10.4012	1486
10.5516	1512
10.5616	1485
10.6113	26
10.6217	1486
10.6317	1486
10.782	1512
10.802	1486
10.8471	1512
10.8514	26
10.8621	1486
10.8721	1486
11.012	26
11.0224	1486
11.0324	1486
11.0775	1512
11.0875	1486
11.0975	1486
11.2628	1490
11.2728	1490
11.3029	1487
11.3129	1488
11.3229	1490
11.3275	30
11.5032	1490
11.5283	1490
11.5284	1487
11.5483	1490
11.5529	30
11.7436	1490
11.7536	1490
11.7537	1520
11.7637	1490
11.7737	1490
11.9591	1518
11.9691	1490
11.9791	1490
12.0041	1490
12.0141	1490
12.1845	1487
12.1945	1488
12.2045	1490
12.2345	1494
12.2545	1494
12.4099	1494
12.4199	1494
12.4299	1494
12.4749	1492
12.4849	1494
12.7053	1532
12.7153	1498
12.7253	1498
12.9307	1532
12.9407	1498
12.9507	1498
13.1562	1498
13.1661	1498
13.1761	1498
13.3815	1540
13.3915	1502
13.4015	1502
13.6068	1502
13.607	1502
13.6168	1502
13.6268	1502
13.8224	1500
13.8322	1502
13.8369	42
13.8422	1502
13.8672	1502
13.8772	1502
14.0676	1502
14.1076	1500
14.308	1502
14.318	1502
14.3382	3086
14.358	1502
14.5386	3046
14.5584	1502
14.5786	1502
14.5886	1502
14.779	1502
14.789	1502
14.809	1544
14.829	1502
15.0293	1502
15.0394	1586
15.0494	1502
15.0594	1502
15.2748	1502
15.2998	1500
15.3098	1502
15.3144	42
15.5151	1502
15.5251	1502
15.5502	1502
15.7905	1506
15.8005	1506
16.0209	1548
16.0309	1506
16.0409	1506
16.2466	4640
16.487	1506
16.497	1506
16.7125	3058
16.7274	1506
16.7374	1506
16.9428	1506
16.943	1506
16.943	43
16.9528	1504
16.9628	1506
17.1582	1552
17.1682	1506
17.1782	1506
17.1882	1506
17.2032	1506
17.3836	1506
17.3936	1506
17.4036	1506
17.4286	1506
17.4386	1506
17.609	1506
17.6091	1506
17.6136	46
17.679	1506
17.8394	1510
17.8494	1510
17.9094	1560
17.9294	1514
18.0699	3066
18.0798	1514
18.0898	1514
18.1398	1564
18.1498	1514
18.1598	1514
18.2952	1568
18.3052	1513
18.3152	1509
18.3698	52
18.3752	1512
18.3852	1514
18.5306	1514
18.5406	1514
18.6006	1514
18.6156	1513
18.771	1514
18.781	1514
18.831	1568
18.851	1514
18.8556	54
19.0614	1518
19.0714	1518
19.2919	3083
19.3018	1518
19.3118	1518
19.9272	1522
19.9372	1522
20.1322	59
20.1426	1520
20.1426	59
20.1526	1520
20.1676	1522
20.3373	59
20.3481	1640
20.3581	1524
20.3581	63
20.3681	1524
20.3728	63
20.3831	1524
20.3931	1526
20.3978	66
20.5426	63
20.5534	67
20.5535	67
20.5634	67
20.5635	71
20.5737	75
20.5781	77
20.5885	1538
20.6032	81
20.6135	1542
20.6235	1546
20.6282	86
20.748	83
20.7588	85
20.7589	87
20.7688	87
20.769	87
20.7791	87
20.7792	87
20.7836	87
20.7943	1624
20.7943	87
20.8043	1548
20.8086	87
20.8193	1626
20.8193	87
20.8293	1548
20.8293	87
20.8337	87
20.8539	1550
20.8587	90
20.8639	1550
20.9535	87
20.9643	87
20.9645	87
20.9645	87
20.9743	87
20.9746	87
20.985	87
20.9891	87
20.9998	87
21.0001	87
21.0001	87
21.0005	87
21.0098	87
21.0142	87
21.0142	87
21.0246	1548
21.0249	87
21.0253	87
21.0256	87
21.0256	87
21.0349	87
21.0352	87
21.0453	1548
21.0553	1548
21.0596	87
21.0699	1548
21.0699	87
21.0943	1550
21.0946	90
21.1592	87
21.1699	87
21.1703	87
21.1708	87
21.1804	87
21.1907	87
21.2055	87
21.2064	87
21.2069	87
21.2156	87
21.22	87
21.22	87
21.2205	87
21.2304	87
21.2308	87
21.2314	87
21.2319	87
21.2408	87
21.2511	87
21.2511	87
21.2653	87
21.275	1548
21.2763	87
21.2957	1550
21.3002	87
21.3008	87
21.3111	1548
21.3211	1550
21.3258	88
21.365	87
21.3758	87
21.3764	87
21.377	87
21.377	87
21.3863	87
21.3966	87
21.4114	87
21.4124	87
21.413	87
21.413	87
21.4215	87
21.4266	87
21.4273	87
21.4363	87
21.4363	87
21.4369	87
21.4385	87
21.4468	87
21.4571	87
21.4579	87
21.4713	87
21.4815	3184
21.4815	87
21.4815	87
21.4824	87
21.4927	1548
21.5021	1638
21.5021	87
21.5062	87
21.507	87
21.5174	1548
21.5174	87
21.5274	1548
21.5319	87
21.5515	1550
21.5569	90
21.5615	1550
21.5819	87
21.5827	87
21.5835	87
21.5844	87
21.5924	87
21.6176	87
21.6185	87
21.6185	87
21.6193	87
21.6203	87
21.6328	87
21.6337	87
21.6425	87
21.6434	87
21.6443	87
21.6453	87
21.653	87
21.6643	87
21.6776	87
21.6887	87
21.6897	87
21.6906	87
21.6917	87
21.6927	87
21.699	87
21.7021	1548
21.7083	87
21.7083	87
21.7094	87
21.7104	87
21.7125	87
21.7136	87
21.724	87
21.724	87
21.7248	87
21.7338	87
21.7339	87
21.7382	87
21.7578	1550
21.7579	87
21.7579	87
21.7632	87
21.7632	87
21.7679	87
21.7679	87
21.7782	1548
21.7882	1550
21.7882	87
21.7894	87
21.7894	87
21.7905	87
21.7905	87
21.7917	87
21.7988	87
21.7988	87
21.8239	90
21.824	87
21.8252	87
21.8252	87
21.8263	87
21.8263	87
21.8275	87
21.8275	87
21.8286	87
21.8391	87
21.8392	87
21.8405	87
21.8489	87
21.8489	87
21.8502	87
21.8514	87
21.8514	87
21.8526	87
21.8595	87
21.8595	87
21.8708	87
21.8708	87
21.8952	87
21.8952	87
21.8965	87
21.8965	87
21.8978	87
21.8978	87
21.8991	87
21.8991	87
21.9004	87
21.9055	87
21.9056	87
21.9086	87
21.9149	87
21.9162	87
21.9162	87
21.9175	87
21.9175	87
21.9189	87
21.9189	87
21.9202	87
21.9216	87
21.9216	87
21.9306	87
21.9306	87
21.9319	87
21.9319	87
21.9333	87
21.9333	87
21.9405	87
21.9419	87
21.9437	1548
21.9449	87
21.9449	87
21.9537	1548
21.9644	87
21.9658	87
21.9658	87
21.9673	87
21.9704	3184
21.9704	87
21.9704	87
21.9712	87
21.9746	87
21.9746	87
21.976	87
21.9849	1548
21.9849	87
21.9849	87
21.9949	87
21.995	87
21.9964	87
21.9979	87
21.9979	87
21.9994	87
22.0008	87
22.0008	87
22.0024	87
22.0039	87
22.0039	87
22.0055	87
22.0071	87
22.0097	1548
22.0286	1550
22.0306	87
22.0322	87
22.0337	87
22.0337	87
22.0353	87
22.0368	87
22.0368	87
22.0384	87
22.0384	87
22.04	87
22.04	87
22.0415	87
22.0431	87
22.046	87
22.046	87
22.0476	87
22.0492	87
22.0558	87
22.0574	87
22.0591	87
22.0591	87
22.0607	87
22.0607	87
22.0624	87
22.064	87
22.0664	87
22.0681	87
22.0777	87
22.0777	87
22.0793	87
22.1021	87
22.1021	87
22.1038	87
22.1054	87
22.1054	87
22.1073	87
22.109	87
22.109	87
22.1107	87
22.1107	87
22.1124	87
22.1124	87
22.1142	87
22.1142	87
22.1159	87
22.1159	87
22.1176	87
22.1194	87
22.1212	87
22.123	87
22.123	87
22.1248	87
22.1248	87
22.1284	87
22.1284	87
22.1302	87
22.132	87
22.1338	87
22.1338	87
22.1356	87
22.1375	87
22.1375	87
22.1393	87
22.1412	87
22.1412	87
22.143	87
22.1449	87
22.1449	87
22.1468	87
22.1486	87
22.1487	87
22.1505	87
22.1524	87
22.1543	87
22.1562	87
22.1562	87
22.1582	87
22.1601	87
22.162	87
22.1704	1548
22.1716	87
22.1716	87
22.1736	87
22.1736	87
22.1755	87
22.1775	87
22.1795	87
22.1814	87
22.1814	87
22.1833	87
22.1854	87
22.1854	87
22.1874	87
22.1878	1548
22.1894	87
22.1894	87
22.1914	87
22.1914	87
22.1934	87
22.1934	87
22.1954	87
22.1975	87
22.1997	1548
22.1997	87
22.1998	87
22.2015	87
22.2015	87
22.2036	87
22.2057	87
22.2057	87
22.2057	87
22.2078	87
22.2098	87
22.2119	87
22.214	87
22.2161	1547
22.2161	87
22.2182	87
22.2203	87
22.2245	87
22.2245	87
22.2261	1548
22.2266	87
22.2266	87
22.2289	87
22.231	87
22.231	87
22.236	87
22.2382	87
22.2382	87
22.2404	87
22.2413	1548
22.2425	87
22.2426	87
22.2447	87
22.2469	87
22.2469	87
22.2491	87
22.2491	87
22.2512	87
22.2535	87
22.2536	87
22.2558	87
22.2579	87
22.2579	87
22.2602	87
22.2624	87
22.2647	87
22.2647	87
22.2651	1547
22.2669	87
22.2669	87
22.2692	87
22.2715	87
22.2715	87
22.2738	87
22.2761	87
22.2761	87
22.2784	87
22.2784	87
22.2807	87
22.2853	87
22.2853	87
22.2876	87
22.2876	87
22.2899	87
22.2923	87
22.2923	87
22.2946	87
22.2946	87
22.2993	87
22.2993	87
22.3016	87
22.3041	87
22.3098	87
22.3098	87
22.3122	87
22.3122	87
22.3145	87
22.317	87
22.317	87
22.3194	87
22.3194	87
22.3218	87
22.3241	87
22.3266	87
22.3291	87
22.3291	87
22.3315	87
22.334	87
22.334	87
22.3364	87
22.3388	87
22.3389	87
22.3414	87
22.3438	87
22.3438	87
22.3464	87
22.3464	87
22.3489	87
22.3514	87
22.3514	87
22.3539	87
22.3564	87
22.3564	87
22.3589	87
22.3615	87
22.3615	87
22.364	87
22.3666	87
22.3666	87
22.3691	87
22.3691	87
22.3717	87
22.3742	87
22.3742	87
22.3768	87
22.3794	87
22.3794	87
22.382	87
22.382	87
22.3846	87
22.3872	87
22.3872	87
22.3898	87
22.3923	87
22.3924	87
22.3951	87
22.3977	87
22.4003	87
22.403	87
22.4057	87
22.4083	87
22.4084	87
22.411	87
22.4137	87
22.4137	87
22.4164	87
22.4191	87
22.4191	87
22.4218	87
22.4244	87
22.4272	87
22.43	87
22.4327	87
22.4327	87
22.4355	87
22.4382	87
22.441	87
22.4437	87
22.4465	87
22.4465	87
22.4493	87
22.4521	87
22.4522	87
22.4549	87
22.4578	87
22.4605	87
22.4606	87
22.4634	87
22.4691	87
22.4719	87
22.4747	87
22.4748	87
22.4776	87
22.4805	87
22.4806	87
22.4834	87
22.4892	87
22.4893	87
22.4921	87
22.4922	87
22.4951	87
22.4952	87
22.498	87
22.4981	87
22.5009	87
22.5011	87
22.5039	87
22.504	87
22.5069	87
22.5098	87
22.5128	87
22.5129	87
22.5157	87
22.5159	87
22.5188	87
22.5193	1547
22.5193	87
22.5218	87
22.522	87
22.5278	87
22.5307	87
22.5309	87
22.5338	87
22.534	87
22.5372	1548
22.5374	87
22.5399	87
22.545	87
22.5452	87
22.5484	87
22.5529	1548
22.553	1548
22.553	87
22.553	87
22.554	87
22.5575	87
22.5604	87
22.5624	87
22.5648	87
22.5672	87
22.572	87
22.5745	87
22.5748	87
22.5772	87
22.5775	87
22.5801	1636
22.5825	87
22.5846	87
22.5898	87
22.5927	87
22.5955	87
22.5975	87
22.5977	87
22.601	87
22.6043	87
22.6046	87
22.6057	87
22.6084	87
22.6105	87
22.6109	87
22.6161	87
22.6164	87
22.6213	87
22.6243	87
22.6274	87
22.6307	87
22.631	87
22.6331	87
22.636	87
22.639	87
22.6441	87
22.6495	87
22.6523	87
22.6541	87
22.6544	87
22.659	87
22.6615	87
22.6639	87
22.6643	87
22.6718	87
22.674	87
22.6762	87
22.6767	87
22.6811	87
22.6863	87
22.6935	87
22.696	87
22.6964	87
22.6986	87
22.699	87
22.7078	87
22.7083	87
22.7116	87
22.7155	87
22.7229	87
22.7234	87
22.7276	87
22.7307	87
22.7334	87
22.7356	87
22.7377	87
22.7431	87
22.7461	87
22.7484	87
22.7535	87
22.7591	87
22.7619	87
22.7652	87
22.7688	87
22.7694	87
22.7712	87
22.7771	87
22.7777	87
22.7807	87
22.7842	87
22.7886	87
22.7923	87
22.7929	87
22.7948	87
22.7977	87
22.8032	87
22.8067	87
22.8073	87
22.8095	87
22.8128	87
22.8136	87
22.8227	87
22.8301	87
22.8307	87
22.8347	87
22.8354	87
22.839	87
22.842	87
22.8489	87
22.8498	87
22.8533	87
22.854	87
22.8554	87
22.8581	87
22.8619	87
22.8642	87
22.8679	87
22.8692	87
22.8738	87
22.8757	1548
22.8758	1548
22.8768	87
22.8798	87
22.8806	87
22.887	87
22.8894	87
22.8963	87
22.897	87
22.8987	1548
22.8989	1548
22.9033	87
22.9097	87
22.9147	87
22.9178	87
22.9215	87
22.9342	87
22.9364	87
22.9404	87
22.9413	87
22.9453	87
22.9496	87
22.9573	87
22.9611	87
22.9622	87
22.9663	87
22.9706	87
22.975	87
22.9759	87
22.9785	87
22.9796	87
22.9854	87
22.9898	87
22.9948	87
22.9991	87
22.9999	87
23.0041	87
23.005	87
23.0089	87
23.0098	87
23.0222	87
23.0276	87
23.0315	87
23.0328	87
23.0412	87
23.0473	87
23.0522	87
23.0568	87
23.061	87
23.0659	87
23.0672	87
23.0755	87
23.0768	87
23.0807	87
23.0817	87
23.0857	87
23.0903	87
23.0913	87
23.0953	87
23.0966	87
23.1016	87
23.1055	87
23.1109	87
23.1151	87
23.1179	87
23.1219	87
23.1229	87
23.1269	87
23.1302	87
23.1312	87
23.1378	87
23.1429	87
23.147	87
23.148	87
23.1521	87
23.1531	87
23.1572	87
23.1613	87
23.1633	87
23.1671	87
23.1685	87
23.1729	87
23.1781	87
23.1825	87
23.1874	87
23.1915	87
23.1933	87
23.1947	87
23.1992	87
23.2009	1548
23.201	1548
23.201	87
23.2016	87
23.2043	87
23.2084	87
23.2136	87
23.2188	87
23.2199	1548
23.2199	87
23.2227	1548
23.223	87
23.227	87
23.228	87
23.2331	87
23.2339	87
23.238	87
23.243	87
23.248	87
23.249	87
23.2499	87
23.2544	87
23.2552	87
23.2594	87
23.264	87
23.2655	87
23.2705	87
23.2751	87
23.2767	87
23.2817	87
23.2859	87
23.2871	87
23.2921	87
23.2964	87
23.2979	87
23.2997	87
23.3035	87
23.3047	87
23.3089	87
23.3141	87
23.3194	87
23.3209	87
23.3286	87
23.33	87
23.3407	87
23.3418	87
23.3427	87
23.3478	87
23.3525	87
23.3533	87
23.3573	87
23.3593	87
23.3636	87
23.3684	87
23.37	87
23.374	87
23.3755	87
23.3799	87
23.3811	87
23.3863	87
23.3872	87
23.3915	87
23.3964	87
23.398	87
23.4093	87
23.4144	87
23.4189	87
23.4201	87
23.4254	87
23.4262	87
23.4319	87
23.4376	87
23.4416	87
23.4438	87
23.4482	87
23.454	87
23.4593	87
23.4633	87
23.4697	87
23.4755	87
23.4769	87
23.4817	87
23.4848	87
23.4883	87
23.4937	87
23.4981	87
23.4995	87
23.5039	87
23.5053	87
23.5097	87
23.5112	87
23.5147	87
23.516	87
23.5212	1548
23.5213	1548
23.5213	87
23.5242	87
23.5287	87
23.5297	87
23.5345	87
23.5399	1548
23.5399	87
23.5472	87
23.549	87
23.5586	87
23.5628	87
23.5646	87
23.5688	87
23.5709	87
23.583	87
23.5845	87
23.5935	87
23.595	87
23.6036	87
23.6052	87
23.6144	87
23.6207	87
23.6289	87
23.6328	87
23.639	87
23.6409	87
23.6501	87
23.6517	87
23.6621	87
23.6656	87
23.6678	87
23.6733	87
23.6762	87
23.6804	87
23.6864	87
23.6907	87
23.6917	87
23.6963	87
23.7012	87
23.7028	87
23.7098	87
23.7145	87
23.7155	87
23.7187	87
23.7204	87
23.7267	87
23.7324	87
23.7388	87
23.7435	87
23.7452	87
23.7559	87
23.7573	87
23.7633	87
23.765	87
23.7698	87
23.7752	87
23.7773	87
23.7826	87
23.7837	87
23.7895	87
23.7908	87
23.7973	87
23.802	87
23.8079	87
23.8096	87
23.8154	87
23.8209	87
23.8233	87
23.8281	87
23.8339	87
23.835	1636
23.8357	87
23.8405	87
23.8426	87
23.8437	87
23.8485	87
23.851	87
23.8528	87
23.8576	87
23.8639	87
23.866	87
23.8761	87
23.8831	87
23.8898	87
23.8964	87
23.9031	87
23.9056	87
23.9183	87
23.9232	87
23.9251	87
23.931	87
23.9325	87
23.9392	87
23.9502	87
23.9569	87
23.9595	87
23.9656	87
23.9716	87
23.9762	87
23.9791	87
23.9852	87
23.9909	87
23.9985	87
24.0053	87
24.0065	87
24.0133	87
24.0191	87
24.0203	87
24.0259	87
24.0279	87
24.0402	87
24.0471	87
24.0525	87
24.0617	87
24.0668	87
24.0688	87
24.0745	87
24.0764	87
24.0819	87
24.0889	87
24.1001	1548
24.1029	87
24.1088	87
24.1154	87
24.1178	87
24.1249	87
24.131	87
24.1319	87
24.1389	87
24.1461	87
24.1539	87
24.1602	87
24.1661	87
24.1682	87
24.1746	87
24.1818	87
24.1897	87
24.194	87
24.196	87
24.2033	87
24.2096	87
24.2224	87
24.2296	87
24.2368	87
24.2394	87
24.2513	87
24.253	87
24.2591	87
24.2619	87
24.2683	87
24.2744	87
24.2758	87
24.2809	87
24.2839	87
24.2895	87
24.2978	87
24.3051	87
24.3111	87
24.3132	87
24.3199	87
24.3272	87
24.3406	87
24.3495	87
24.3577	87
24.3634	87
24.3696	87
24.3707	1548
24.3778	87
24.3793	87
24.3853	87
24.3875	87
24.3942	87
24.4008	87
24.4025	87
24.4083	87
24.41	87
24.4153	87
24.422	87
24.4243	87
24.4304	87
24.4367	87
24.4394	87
24.446	87
24.4607	87
24.4622	87
24.4675	87
24.4764	87
24.4912	87
24.498	87
24.5003	87
24.507	87
24.5147	87
24.5165	87
24.5224	87
24.5287	87
24.5359	87
24.5386	87
24.5449	87
24.5532	87
24.5591	87
24.5609	87
24.5628	87
24.5697	87
24.5751	87
24.5775	87
24.5905	1724
24.5905	87
24.5939	87
24.5998	87
24.6085	87
24.6095	87
24.6155	87
24.6219	87
24.6298	87
24.6322	87
24.6399	87
24.6469	87
24.6674	87
24.6864	1548
24.6872	87
24.6975	1548
24.7087	87
24.7172	87
24.7224	87
24.7434	87
24.7488	87
24.7527	87
24.7668	87
24.7747	87
24.782	87
24.788	87
24.7992	87
24.8053	87
24.8129	87
24.821	87
24.8235	87
24.8296	87
24.8316	87
24.8386	87
24.8438	87
24.8459	87
24.8478	87
24.856	87
24.8705	1548
24.875	87
24.8919	1636
24.895	87
24.8973	87
24.8999	87
24.9149	87
24.9288	87
24.9391	1548
24.9491	1550
24.9591	87
24.9621	87
24.9935	87
25.0118	87
25.0196	87
25.0313	87
25.0396	87
25.0417	87
25.0501	87
25.0522	87
25.0569	87
25.0596	87
25.0679	87
25.0824	87
25.0928	1548
25.1035	87
25.114	87
25.1203	87
25.1327	1548
25.1371	87
25.1557	1636
25.1568	87
25.1686	87
25.1719	87
25.1833	1548
25.1933	1550
25.1979	90
25.2179	87
25.2264	87
25.2379	87
25.2482	87
25.257	87
25.2655	87
25.2718	87
25.2795	87
25.2902	87
25.2993	87
25.3121	87
25.3245	87
25.328	87
25.3422	87
25.357	1548
25.3686	87
25.3781	87
25.384	87
25.3896	87
25.4013	87
25.409	87
25.4194	1548
25.4359	87
25.4453	87
25.4557	1548
25.4781	87
25.4873	87
25.5003	87
25.5064	87
25.5222	87
25.5319	87
25.5385	87
25.5531	87
25.5632	1636
25.5732	1548
25.5749	87
25.5852	1548
25.5873	87
25.6108	87
25.6262	87
25.6425	87
25.662	87
25.6862	87
25.6876	1636
25.696	87
25.7085	87
25.7297	87
25.744	87
25.7494	87
25.7607	87
25.7954	87
25.7994	87
25.8098	1547
25.8306	1547
25.8328	87
25.8513	87
25.8926	87
25.8955	87
25.9025	1636
25.9025	87
25.9044	87
25.9195	87
25.9305	1547
25.9379	87
25.9544	87
25.9942	90
26.0081	87
26.0158	4733
26.0158	87
26.0304	1548
26.0365	87
26.0389	87
26.0568	1548
26.058	87
26.0733	1548
26.088	90
26.102	87
26.1099	87
26.116	87
26.119	87
26.1235	87
26.1262	87
26.1278	87
26.1326	87
26.1369	87
26.1418	87
26.1474	87
26.1579	1548
26.1664	87
26.1767	1548
26.2019	87
26.2167	87
26.2215	1636
26.2245	87
26.2337	87
26.2428	87
26.2486	87
26.2613	87
26.267	87
26.2731	87
26.2764	87
26.2832	87
26.2968	87
26.3092	87
26.3258	87
26.3285	87
26.3305	87
26.3351	87
26.3395	87
26.3443	87
26.3488	87
26.3537	87
26.3571	87
26.363	87
26.3688	87
26.3733	87
26.3751	87
26.3761	1547
26.3816	87
26.3843	87
26.3878	87
26.392	87
26.4041	1547
26.4079	87
26.4219	87
26.4255	87
26.4318	87
26.4352	87
26.4411	87
26.447	87
26.4549	87
26.4599	87
26.4686	87
26.4749	87
26.484	87
26.4865	87
26.489	87
26.496	87
26.5071	87
26.5156	87
26.528	1548
26.5373	87
26.5394	87
26.545	87
26.5475	87
26.5501	87
26.5552	87
26.5594	87
26.5647	87
26.5725	87
26.5753	87
26.5786	87
26.5848	87
26.5881	87
26.5932	87
26.6011	87
26.6039	87
26.6155	87
26.6202	87
26.623	87
26.6251	87
26.6263	87
26.6347	87
26.6394	87
26.6443	87
26.6455	87
26.6539	1635
26.6539	87
26.655	87
26.6596	87
26.6614	87
26.6682	87
26.6718	87
26.6779	87
26.6824	87
26.6935	87
26.6972	87
26.7	87
26.7032	87
26.7128	87
26.7193	87
26.7225	87
26.7298	87
26.7359	87
26.7405	87
26.7422	87
26.7473	87
26.7492	87
26.7517	87
26.757	87
26.7603	1635
26.7651	87
26.7711	87
26.7748	87
26.7809	87
26.7845	87
26.7874	87
26.7909	87
26.7972	87
26.7994	87
26.8041	87
26.807	87
26.8167	87
26.8273	87
26.8335	87
26.8364	87
26.8396	87
26.8451	87
26.8484	87
26.8532	87
26.8592	87
26.8692	87
26.8728	87
26.8758	87
26.879	87
26.8856	87
26.8875	87
26.8892	87
26.8956	87
26.8988	87
26.9035	87
26.9077	87
26.909	87
26.9142	87
26.9187	87
26.9242	87
26.9286	87
26.9323	87
26.9384	87
26.944	87
26.946	87
26.9485	87
26.9532	87
26.9574	87
26.9652	87
26.9687	87
26.977	87
26.9822	87
26.9887	87
26.9952	87
26.9985	87
27.007	87
27.0123	87
27.0175	87
27.0223	87
27.0253	87
27.0286	87
27.0354	87
27.0387	87
27.0435	87
27.0477	87
27.0525	87
27.0555	87
27.0588	87
27.0656	87
27.0679	87
27.0693	1547
27.0695	1547
27.0695	87
27.0791	87
27.0858	87
27.0895	87
27.096	87
27.0993	87
27.1042	87
27.1061	87
27.1204	87
27.1344	87
27.1368	87
27.1447	87
27.1484	87
27.155	87
27.1622	87
27.1686	87
27.1724	87
27.1779	87
27.1809	87
27.195	87
27.1979	87
27.2033	87
27.2047	87
27.213	87
27.2165	87
27.2179	87
27.2243	87
27.231	87
27.2349	87
27.2415	87
27.2462	87
27.2526	87
27.2577	87
27.2634	87
27.2683	87
27.2739	87
27.2794	87
27.2871	87
27.2901	87
27.2965	87
27.3015	87
27.307	87
27.3185	87
27.3227	87
27.3296	87
27.3317	87
27.3414	87
27.3449	87
27.3517	87
27.3549	87
27.3584	87
27.3639	87
27.3659	87
27.3672	87
27.3721	87
27.3787	87
27.3855	87
27.389	87
27.3935	1548
27.3936	1548
27.3936	87
27.3963	87
27.3987	87
27.4002	87
27.4093	87
27.4195	87
27.4215	87
27.4281	87
27.4298	87
27.4369	87
27.4427	87
27.4475	87
27.4515	87
27.4555	87
27.4583	87
27.4633	87
27.4729	87
27.4847	87
27.4892	87
27.4954	87
27.4976	87
27.5012	87
27.5062	87
27.5083	87
27.5119	87
27.5199	87
27.5266	87
27.5323	87
27.5374	87
27.5407	87
27.5442	87
27.5515	87
27.5539	87
27.5599	87
27.5634	87
27.5686	87
27.5739	87
27.5833	87
27.5873	87
27.5965	87
27.602	87
27.6067	87
27.616	87
27.6198	87
27.6294	87
27.6439	87
27.6598	87
27.667	87
27.6709	87
27.6768	87
27.6821	87
27.6873	87
27.7037	87
27.7087	87
27.7141	87
27.7172	1548
27.7174	1548
27.7179	87
27.7231	87
27.7291	87
27.7342	87
27.7393	87
27.744	87
27.7493	87
27.7539	87
27.7608	87
27.7644	87
27.7686	87
27.7738	87
27.7776	87
27.7815	87
27.7849	87
27.79	87
27.7975	87
27.8082	87
27.8135	87
27.8166	87
27.8236	87
27.8342	87
27.8401	87
27.8418	87
27.8488	87
27.8567	87
27.8616	87
27.8692	87
27.8774	87
27.8841	87
27.896	87
27.8994	87
27.9093	87
27.9221	87
27.93	87
27.9343	87
27.9373	87
27.9466	87
27.9525	87
27.9558	87
27.9585	87
27.9639	87
27.9672	87
27.9712	87
27.9788	87
27.9825	87
27.9902	87
27.9945	87
28.0016	87
28.0055	87
28.0132	87
28.0156	87
28.0173	1548
28.0174	87
28.0254	87
28.0358	87
28.0381	87
28.0403	87
28.0475	87
28.0513	87
28.0589	87
28.0616	87
28.0671	87
28.0704	87
28.0731	87
28.0786	87
28.0858	87
28.0901	87
28.0962	87
28.1017	87
28.1073	87
28.1139	87
28.1179	87
28.1255	87
28.1298	87
28.1371	87
28.1411	87
28.1508	87
28.1568	87
28.1629	87
28.1647	87
28.1729	87
28.1837	87
28.1918	87
28.1954	87
28.1979	87
28.2071	87
28.2096	87
28.2152	87
28.2188	87
28.2228	87
28.2314	87
28.2349	87
28.2398	87
28.2463	87
28.2549	87
28.2581	87
28.2633	87
28.2658	87
28.2801	87
28.2894	87
28.2935	87
28.3012	87
28.3094	87
28.3175	87
28.3232	87
28.3252	3184
28.3269	87
28.3342	87
28.3376	87
28.3486	87
28.3524	87
28.358	87
28.3687	87
28.375	87
28.3807	87
28.3869	87
28.3997	87
28.4165	87
28.4254	87
28.4296	87
28.4408	87
28.4576	87
28.4628	87
28.4754	87
28.4811	87
28.4932	87
28.4958	87
28.5061	87
28.5104	87
28.5125	87
28.5225	87
28.5303	87
28.5358	87
28.5433	87
28.554	87
28.5585	87
28.5641	87
28.5763	87
28.5806	87
28.5858	87
28.5892	87
28.595	87
28.5988	87
28.6014	87
28.6098	87
28.6137	87
28.6238	87
28.6316	87
28.6372	87
28.6459	1548
28.646	87
28.6494	87
28.6541	87
28.6619	87
28.6681	87
28.6703	87
28.6759	87
28.6843	87
28.6927	87
28.6975	87
28.701	87
28.7071	87
28.7115	87
28.7195	87
28.7239	87
28.7318	87
28.7384	87
28.7487	87
28.7557	87
28.761	87
28.769	87
28.7735	87
28.7756	87
28.7813	87
28.7859	87
28.7929	87
28.7957	87
28.8042	87
28.8082	87
28.8108	87
28.8204	87
28.8357	87
28.8437	87
28.8482	87
28.8607	87
28.8666	87
28.8706	87
28.884	87
28.8978	87
28.9043	87
28.9103	87
28.918	87
28.9229	87
28.9297	1548
28.9299	1548
28.9299	87
28.9334	87
28.9418	87
28.946	87
28.9567	87
28.9612	87
28.9684	87
28.9712	87
28.9751	87
28.982	87
28.9883	87
28.9974	87
29.0052	87
29.0113	87
29.0178	87
29.0219	87
29.0327	87
29.0367	87
29.0394	87
29.0517	87
29.0581	87
29.0685	87
29.0727	87
29.0776	87
29.0864	87
29.0899	87
29.0963	87
29.1031	87
29.1091	87
29.1159	87
29.1212	87
29.1276	87
29.136	87
29.1441	87
29.1488	87
29.1551	87
29.168	87
29.1726	87
29.1799	87
29.1873	87
29.1937	87
29.2002	87
29.2056	87
29.2085	87
29.2135	87
29.2212	87
29.2241	87
29.2302	87
29.2389	87
29.2561	87
29.2629	87
29.269	87
29.2759	87
29.282	87
29.2859	87
29.2907	87
29.2962	87
29.308	87
29.3128	87
29.3211	87
29.3258	87
29.3361	87
29.3407	87
29.3631	87
29.3732	87
29.3762	87
29.3905	87
29.393	87
29.4024	87
29.4104	87
29.4146	87
29.4192	87
29.4257	87
29.4287	87
29.4367	87
29.4409	87
29.4498	87
29.4541	87
29.4592	87
29.4653	87
29.4713	87
29.4804	87
29.4907	87
29.4946	87
29.5027	87
29.5069	87
29.5181	87
29.5201	87
29.5253	87
29.5386	87
29.5447	87
29.5489	87
29.5514	87
29.558	87
29.5622	87
29.5651	87
29.5733	87
29.5785	87
29.5866	87
29.6	87
29.6052	87
29.6133	87
29.6181	87
29.6246	87
29.6289	87
29.638	87
29.6401	87
29.6448	87
29.6515	87
29.6587	87
29.6669	87
29.6761	87
29.6804	87
29.6845	87
29.6938	87
29.6986	87
29.7188	87
29.7249	87
29.7312	87
29.7343	87
29.7507	87
29.7582	87
29.7729	87
29.7802	87
29.7894	87
29.7926	87
29.8049	87
29.8113	87
29.8205	87
29.8272	87
29.8385	87
29.8429	87
29.8477	87
29.8545	87
29.8594	87
29.8671	87
29.8712	87
29.8795	87
29.8955	87
29.9018	87
29.9081	87
29.9155	87
29.9206	87
29.925	87
29.9343	87
29.9619	87
29.9686	87
29.9779	87
29.9801	87
29.9907	87
29.9968	87
30.0119	87
30.0193	87
30.0265	87
30.0354	87
30.0448	87
30.0516	87
30.0654	87
30.0681	87
30.0738	87
30.077	87
30.0825	87
30.1001	87
30.1098	87
30.1166	87
30.1188	87
30.1436	87
30.1664	1550
30.1674	87
30.1784	87
30.1853	87
30.1908	87
30.1993	87
30.2088	87
30.2202	87
30.2253	87
30.2527	87
30.2578	87
30.2618	87
30.2793	87
30.2901	87
30.2964	87
30.3055	87
30.3217	87
30.3241	87
30.3513	87
30.375	87
30.3825	87
30.3858	87
30.3875	1724
30.3903	87
30.4035	87
30.4104	87
30.4332	87
30.4383	87
30.4586	1550
30.4658	87
30.4702	87
30.4742	87
30.4902	87
30.5063	87
30.5164	87
30.5824	87
30.5956	87
30.6007	87
30.6024	1636
30.6097	87
30.612	87
30.6217	87
30.6314	87
30.6463	87
30.6529	87
30.6632	1548
30.6752	87
30.6842	87
30.7007	87
30.7192	87
30.725	87
30.7354	1548
30.7903	87
30.8042	87
30.8093	87
30.8217	87
30.8243	87
30.8375	87
30.8429	87
30.8573	87
30.8692	87
30.8752	87
30.8838	87
30.8942	1548
30.9069	1550
30.9107	87
30.942	1636
30.9522	1548
30.9622	1550
30.9667	90
31.0149	87
31.0183	87
31.0284	87
31.035	87
31.0438	87
31.0524	87
31.1048	87
31.1346	1548
31.162	87
31.1702	1724
31.1702	87
31.1747	87
31.1957	1550
31.2004	90
31.2261	87
31.2424	87
31.2495	87
31.2584	87
31.3146	87
31.3727	87
31.3835	87
31.3904	1548
31.3925	87
31.4038	87
31.4073	87
31.4172	87
31.4261	1548
31.4444	1548
31.459	88
31.4661	1638
31.4661	87
31.4765	1548
31.4911	90
31.5483	90
31.5903	87
31.6025	87
31.607	87
31.6136	1636
31.6139	87
31.6206	87
31.6279	87
31.6439	1548
31.6523	87
31.672	87
31.6785	87
31.6869	87
31.6935	87
31.6973	1548
31.6984	87
31.7122	1548
31.7241	90
31.7566	87
31.8149	87
31.8299	87
31.832	87
31.8438	1548
31.8451	87
31.8498	87
31.8599	87
31.8624	87
31.8738	1548
31.8852	87
31.8877	87
31.8991	87
31.9018	87
31.9065	87
31.9155	87
31.9168	87
31.9202	87
31.9251	87
31.9318	87
31.9547	1550
31.9665	87
31.9923	90
32.0457	87
32.0482	87
32.0513	1638
32.0513	87
32.0665	87
32.0711	87
32.0791	87
32.0793	87
32.087	87
32.0945	87
32.1094	87
32.1116	87
32.1246	87
32.1374	87
32.1399	87
32.1478	87
32.1539	87
32.1553	87
32.1678	87
32.1703	87
32.179	87
32.1893	1548
32.1993	1635
32.2056	87
32.2159	1548
32.2568	87
32.2638	87
32.2666	1636
32.2666	87
32.2743	87
32.2815	87
32.2841	87
32.2969	87
32.3005	87
32.3041	87
32.3122	87
32.3158	87
32.325	87
32.3278	87
32.3362	87
32.3431	87
32.3582	87
32.3585	87
32.3669	87
32.3787	87
32.389	87
32.3927	87
32.4019	87
32.4047	87
32.4198	87
32.4353	87
32.4463	1548
32.4465	1548
32.4563	1548
32.4627	87
32.472	87
32.4849	87
32.4875	87
32.4978	87
32.5007	87
32.5077	87
32.5147	87
32.5247	87
32.5314	87
32.5317	87
32.5366	87
32.5444	87
32.5473	87
32.5521	87
32.5624	87
32.578	87
32.5863	87
32.594	87
32.6067	87
32.6093	87
32.6181	87
32.6252	87
32.6301	87
32.6405	87
32.6432	87
32.6536	87
32.6584	87
32.6592	1548
32.6644	87
32.6719	87
32.6748	1548
32.675	1548
32.6751	1548
32.6771	87
32.6874	1548
32.6879	87
32.6935	87
32.7032	87
32.7059	87
32.7121	87
32.7178	87
32.719	87
32.7242	87
32.7278	87
32.7347	87
32.7421	87
32.7507	87
32.7593	87
32.7661	87
32.7665	87
32.7751	87
32.788	87
32.7977	87
32.8016	87
32.8067	87
32.8139	87
32.8218	87
32.8294	87
32.8426	87
32.8455	87
32.8535	87
32.861	87
32.8638	87
32.8671	87
32.87	87
32.8769	87
32.883	87
32.8928	87
32.9087	87
32.9109	87
32.9176	87
32.9335	87
32.9352	1548
32.9405	87
32.943	1548
32.9436	1548
32.9436	87
32.9538	87
32.9567	87
32.9595	1548
32.9618	87
32.9698	87
32.9724	87
32.9763	87
32.9813	87
32.9883	87
32.9911	87
32.9973	87
33.0044	87
33.0133	87
33.0203	87
33.0231	87
33.0363	87
33.0447	87
33.0497	87
33.0523	87
33.0599	87
33.0683	87
33.076	87
33.0818	87
33.0845	87
33.0928	87
33.0979	87
33.1027	87
33.1089	87
33.1166	87
33.1227	87
33.1256	87
33.1327	87
33.1417	87
33.1487	87
33.1566	87
33.1643	87
33.1779	87
33.1911	1548
33.1961	87
33.2094	87
33.2123	87
33.2182	87
33.2256	87
33.2358	87
33.2447	87
33.2535	87
33.2606	87
33.2639	1548
33.267	1548
33.2692	87
33.2784	87
33.2807	1548
33.2816	87
33.2852	87
33.2855	87
33.2882	87
33.2945	87
33.2967	87
33.3004	87
33.3033	87
33.3107	87
33.3175	87
33.3253	87
33.3291	87
33.3336	87
33.3414	87
33.3468	87
33.3543	87
33.3633	87
33.3673	1548
33.3704	87
33.3752	87
33.3832	87
33.3836	87
33.3874	87
33.3926	87
33.4027	87
33.4146	87
33.4198	87
33.4267	87
33.4317	87
33.4389	87
33.4411	87
33.4484	87
33.4572	87
33.4644	87
33.4707	87
33.4782	87
33.4826	87
33.4897	87
33.497	87
33.5134	87
33.5138	87
33.5213	87
33.5274	87
33.5356	87
33.5394	87
33.5466	87
33.5489	87
33.556	87
33.5632	87
33.5654	87
33.5722	1636
33.5771	87
33.5798	87
33.5828	87
33.592	87
33.6013	87
33.6092	87
33.6138	87
33.6161	87
33.6239	87
33.6333	87
33.6411	87
33.6506	87
33.6569	87
33.6663	87
33.6726	87
33.6871	87
33.6929	1548
33.6954	87
33.7159	87
33.72	87
33.7238	87
33.7315	87
33.748	87
33.7545	87
33.7615	87
33.7678	87
33.7744	87
33.7817	87
33.7891	87
33.7921	87
33.7986	87
33.8045	87
33.8134	87
33.8162	87
33.8192	87
33.825	87
33.833	87
33.8353	87
33.8498	87
33.852	87
33.8591	87
33.8643	87
33.8717	87
33.8747	87
33.8812	87
33.886	87
33.8982	87
33.9017	1548
33.9018	87
33.911	87
33.9182	87
33.9256	87
33.928	87
33.9314	87
33.9539	87
33.9564	87
33.963	87
33.9684	87
33.9735	87
33.9809	87
33.9907	87
33.998	87
34.0057	1548
34.0057	87
34.0086	87
34.0151	87
34.0205	87
34.0236	87
34.0302	87
34.0376	87
34.042	87
34.052	87
34.0552	87
34.0591	87
34.0692	87
34.0721	87
34.0752	87
34.0892	87
34.0916	87
34.0989	87
34.1065	87
34.1108	87
34.1162	87
34.1312	87
34.137	87
34.144	87
34.1465	87
34.1523	87
34.1601	87
34.1656	87
34.173	87
34.1755	87
34.1883	87
34.1918	87
34.2008	87
34.2051	87
34.2106	87
34.2145	87
34.22	87
34.236	1548
34.236	87
34.2381	87
34.2513	87
34.2585	87
34.2681	1636
34.2681	87
34.2758	87
34.2764	87
34.2827	87
34.2859	87
34.2934	87
34.2959	87
34.3002	87
34.3108	87
34.3133	87
34.3269	87
34.3284	87
34.3321	87
34.3353	87
34.3441	87
34.3507	87
34.3549	87
34.3616	87
34.3682	87
34.3722	87
34.377	87
34.3787	87
34.3816	87
34.3894	87
34.3958	87
34.4057	87
34.4063	87
34.4154	87
34.4223	87
34.4288	87
34.4342	87
34.4418	87
34.45	87
34.4527	87
34.4649	87
34.4679	87
34.4754	87
34.4966	87
34.5006	87
34.5099	87
34.5124	87
34.52	87
34.5262	87
34.5281	87
34.547	87
34.5537	1548
34.5537	87
34.5564	87
34.5625	87
34.5688	87
34.5726	87
34.5865	87
34.5905	87
34.5993	87
34.6109	87
34.6244	87
34.6346	87
34.6409	87
34.6511	87
34.6557	87
34.6622	87
34.6691	87
34.6762	87
34.6798	87
34.6941	87
34.6979	87
34.7016	87
34.706	87
34.7175	87
34.7192	87
34.7274	87
34.7324	87
34.7417	87
34.7452	87
34.7729	87
34.7754	87
34.7815	87
34.788	87
34.7942	87
34.8071	87
34.8112	87
34.8189	87
34.8267	87
34.8301	87
34.8371	87
34.8449	87
34.8655	87
34.8667	1548
34.8691	87
34.8733	87
34.8847	87
34.8916	87
34.8989	87
34.9137	87
34.9252	87
34.9259	87
34.9326	87
34.9436	87
34.9462	87
34.9483	87
34.9604	87
34.9624	87
34.9653	87
34.9771	87
34.9848	87
34.9897	87
34.9983	87
35.001	87
35.003	87
35.0089	87
35.0229	87
35.0306	87
35.0377	87
35.0418	87
35.0476	87
35.0572	87
35.0599	87
35.066	87
35.0746	87
35.0773	87
35.0852	87
35.0957	87
35.1002	87
35.1084	87
35.1119	87
35.1186	87
35.1283	87
35.1299	87
35.1446	87
35.1481	87
35.1508	87
35.1579	87
35.1667	87
35.1693	87
35.1772	87
35.1853	1548
35.1856	87
35.1942	1636
35.1966	87
35.2006	87
35.2016	87
35.2086	87
35.2167	87
35.2213	87
35.232	87
35.235	87
35.2376	87
35.2448	87
35.2533	87
35.2562	87
35.2624	87
35.2745	1548
35.2777	87
35.2834	87
35.2871	87
35.2933	87
35.2991	87
35.3062	87
35.3114	87
35.3132	87
35.3267	87
35.3395	87
35.3423	87
35.3485	87
35.3566	87
35.3587	87
35.3684	87
35.3715	87
35.3817	87
35.3864	87
35.389	87
35.3927	87
35.4004	87
35.4051	87
35.4085	87
35.4164	87
35.4192	87
35.4346	87
35.4451	87
35.4488	87
35.4593	87
35.4682	87
35.4716	87
35.4768	87
35.4805	87
35.4989	87
35.5092	1548
35.5167	87
35.5176	87
35.5231	1636
35.5232	87
35.5283	87
35.5435	87
35.5576	87
35.5597	87
35.5682	87
35.5749	87
35.5793	87
35.5828	87
35.5901	87
35.5989	87
35.6156	87
35.6351	87
35.6394	87
35.6429	87
35.6508	97
35.6537	101
35.6609	105
35.6696	117
35.6861	129
35.6958	141
35.6994	145
35.7057	153
35.717	1614
35.727	1616
35.7285	157
35.7363	165
35.7465	169
35.7574	171
35.7656	171
35.7683	171
35.7766	171
35.7939	171
35.7958	171
35.8035	171
35.8088	171
35.8149	171
35.8331	171
35.845	171
35.8548	171
35.8595	171
35.8708	171
35.8738	171
35.8762	171
35.8888	171
35.891	171
35.898	171
35.9016	171
35.9098	171
35.9125	171
35.9173	171
35.9286	171
35.9295	171
35.9382	171
35.945	171
35.951	171
35.9585	171
35.9752	171
35.9875	171
35.9962	171
35.9981	171
36.0064	171
36.0091	171
36.0174	171
36.0178	1632
36.018	1632
36.0181	1632
36.0262	171
36.0368	171
36.045	171
36.0477	171
36.0518	171
36.0562	171
36.0651	171
36.0747	171
36.0835	171
36.0867	171
36.1062	171
36.1084	171
36.1257	171
36.1331	171
36.1419	171
36.1452	171
36.1536	171
36.1647	171
36.1731	171
36.1842	171
36.1907	171
36.2005	171
36.2047	171
36.2205	171
36.2399	171
36.2468	171
36.2513	171
36.2597	171
36.2625	171
36.271	171
36.2793	171
36.2822	171
36.2985	171
36.2995	171
36.3103	171
36.3192	171
36.3218	1631
36.3254	171
36.3302	1632
36.3302	171
36.3387	171
36.3412	171
36.3515	1632
36.3534	171
36.3562	171
36.3628	171
36.3697	171
36.3744	171
36.3796	171
36.3827	171
36.3876	171
36.3994	171
36.4034	171
36.4102	171
36.4169	171
36.4215	171
36.4264	171
36.4382	171
36.4488	171
36.4581	171
36.4611	171
36.4687	171
36.474	171
36.4779	171
36.4809	171
36.4858	171
36.4977	171
36.5008	171
36.503	171
36.5143	171
36.5206	171
36.5255	171
36.5374	171
36.5428	171
36.5471	171
36.5575	171
36.5627	171
36.568	171
36.574	171
36.578	171
36.5803	171
36.5843	171
36.589	171
36.5974	171
36.6003	171
36.6052	171
36.6138	171
36.6178	171
36.6212	171
36.6287	171
36.6371	171
36.6401	171
36.6478	171
36.654	1632
36.655	171
36.6663	171
36.6749	171
36.6804	171
36.686	1632
36.686	171
36.6919	171
36.7047	171
36.7118	171
36.7152	171
36.7313	171
36.7331	171
36.7464	171
36.7545	171
36.7658	171
36.7682	171
36.7796	171
36.7856	171
36.7897	171
36.8026	171
36.8072	171
36.8165	171
36.8303	171
36.8389	171
36.8429	171
36.8535	171
36.8599	171
36.865	171
36.8737	3436
36.8737	171
36.8758	171
36.8824	171
36.8901	171
36.9041	171
36.9086	171
36.9115	171
36.9242	171
36.93	171
36.9385	171
36.9476	171
36.951	171
36.9588	171
36.9644	171
36.9731	171
36.9784	171
36.9853	171
36.9964	171
36.9968	171
37.0045	171
37.0169	171
37.0281	171
37.0363	171
37.0374	171
37.0481	171
37.0606	171
37.0674	171
37.08	171
37.0825	171
37.089	171
37.0976	171
37.1145	171
37.1222	171
37.128	171
37.1385	171
37.1417	171
37.1468	171
37.1571	1632
37.1623	171
37.1762	171
37.1828	171
37.1855	1632
37.1857	1631
37.1857	171
37.1918	171
37.2026	171
37.2055	171
37.2145	171
37.2262	171
37.233	171
37.2436	171
37.2485	171
37.2692	171
37.2831	171
37.2878	171
37.2947	171
37.3015	171
37.3046	171
37.3136	171
37.3221	171
37.3246	171
37.3362	171
37.3454	171
37.3607	171
37.3638	171
37.3821	171
37.387	171
37.4023	171
37.4077	171
37.4212	171
37.4237	171
37.4304	171
37.4403	171
37.444	171
37.455	171
37.4655	171
37.4704	171
37.4821	171
37.4824	1630
37.4864	171
37.4892	1631
37.4913	171
37.5067	171
37.5134	171
37.5237	1631
37.5248	171
37.5283	171
37.5421	171
37.5455	171
37.5507	171
37.5631	171
37.5664	171
37.5744	171
37.5844	171
37.5875	171
37.5927	171
37.6059	171
37.6109	171
37.6174	171
37.6261	171
37.6295	171
37.6472	171
37.653	171
37.6596	171
37.6683	171
37.6717	171
37.6759	171
37.6806	171
37.6876	171
37.6902	171
37.707	171
37.7139	171
37.7209	171
37.7231	171
37.735	171
37.7403	171
37.7528	171
37.7562	171
37.7604	171
37.774	171
37.7773	171
37.7777	1632
37.7799	171
37.7866	171
37.7952	171
37.7964	1632
37.7965	1632
37.7985	171
37.8011	171
37.8076	171
37.8164	171
37.8194	171
37.8202	1632
37.8202	171
37.8409	171
37.8435	171
37.8491	171
37.8585	171
37.8624	171
37.8676	171
37.8716	171
37.8835	171
37.8879	171
37.899	171
37.9041	171
37.9053	171
37.9111	171
37.9184	171
37.921	171
37.9328	171
37.9364	171
37.9409	171
37.9479	171
37.9552	171
37.9578	171
37.9735	171
37.9767	171
37.9838	171
37.9951	171
37.9975	171
38.0071	171
38.0104	171
38.0141	171
38.0272	171
38.039	1632
38.0437	171
38.0463	171
38.0624	171
38.0694	171
38.0763	171
38.0894	171
38.0934	171
38.1105	171
38.1129	171
38.1254	1632
38.1256	1632
38.1256	171
38.133	171
38.1437	171
38.1451	1632
38.147	171
38.1591	171
38.1629	171
38.1686	171
38.1845	171
38.1892	171
38.1994	171
38.2047	171
38.222	171
38.2326	171
38.2339	171
38.2452	171
38.2505	171
38.2635	171
38.2739	171
38.2766	171
38.2833	171
38.2929	171
38.2956	171
38.2999	171
38.3111	171
38.3149	171
38.3175	171
38.3277	171
38.3372	171
38.3427	171
38.3458	1632
38.3458	171
38.3526	171
38.3618	171
38.367	171
38.3683	171
38.3818	171
38.3889	171
38.3963	171
38.3986	171
38.4104	171
38.411	171
38.4256	171
38.4302	171
38.4329	1632
38.4339	171
38.4386	1632
38.4488	171
38.4515	171
38.4618	1632
38.4815	171
38.4847	171
38.4874	171
38.4981	171
38.5018	171
38.5052	171
38.508	171
38.5238	171
38.5272	171
38.53	171
38.537	171
38.546	171
38.5577	171
38.5688	171
38.5715	171
38.5798	171
38.5898	171
38.5933	171
38.603	171
38.6154	171
38.6252	171
38.6375	171
38.646	171
38.6564	171
38.6596	171
38.6681	171
38.6755	1632
38.6756	171
38.6823	171
38.7042	171
38.7089	171
38.7117	171
38.7258	171
38.7297	171
38.731	171
38.7376	171
38.7487	171
38.7519	1804
38.7526	171
38.7618	171
38.7646	171
38.7789	171
38.7817	171
38.7968	1632
38.7976	171
38.804	171
38.8163	171
38.8235	171
38.8263	171
38.8371	171
38.8399	171
38.8453	171
38.8612	171
38.8807	171
38.8832	171
38.893	171
38.9016	171
38.9059	171
38.926	1632
38.928	171
38.9294	171
38.9338	171
38.9432	171
38.9504	171
38.9591	171
38.9703	171
38.9742	171
38.9829	171
38.995	171
38.9956	171
39.0001	171
39.0054	171
39.0145	171
39.0178	171
39.0207	171
39.0378	171
39.0432	171
39.0628	171
39.0646	1632
39.0646	171
39.079	171
39.0893	1632
39.0928	171
39.0986	171
39.1117	171
39.1255	171
39.1342	171
39.1371	171
39.1495	171
39.1541	171
39.1673	1632
39.169	171
39.1729	171
39.1803	171
39.1901	171
39.1957	171
39.2015	171
39.2121	171
39.2158	171
39.2308	171
39.2348	171
39.2382	171
39.2554	171
39.2609	171
39.2637	171
39.2782	171
39.2811	171
39.2925	171
39.2999	171
39.3032	171
39.3061	171
39.3186	171
39.3328	171
39.3339	171
39.3435	171
39.3477	171
39.3526	171
39.3577	171
39.3682	1632
39.3684	1632
39.3684	171
39.3735	171
39.3868	1632
39.3934	171
39.3964	171
39.4034	171
39.4122	171
39.4163	171
39.4193	171
39.4263	171
39.4392	171
39.4492	171
39.4588	171
39.4621	171
39.4722	171
39.4814	171
39.485	171
39.4865	171
39.4954	171
39.5035	171
39.505	171
39.5201	171
39.5228	171
39.5415	171
39.5518	171
39.5611	171
39.5844	171
39.5874	171
39.5948	171
39.6037	171
39.6076	171
39.6162	171
39.6255	171
39.6267	171
39.6385	171
39.6414	171
39.647	171
39.662	171
39.6662	171
39.6677	171
39.6746	171
39.6781	171
39.6808	171
39.6868	171
39.6915	1632
39.6941	171
39.702	171
39.705	1631
39.7051	1631
39.7051	171
39.7107	171
39.7237	171
39.7267	171
39.742	171
39.7475	171
39.7517	171
39.7582	171
39.7745	1632
39.7746	171
39.7758	171
39.7799	171
39.796	171
39.8012	171
39.8031	171
39.815	1632
39.8211	171
39.8241	171
39.8378	171
39.8417	171
39.8515	171
39.8604	171
39.862	171
39.8647	171
39.8751	171
39.8853	171
39.8982	171
39.9076	171
39.9113	171
39.9129	171
39.9291	171
39.9321	171
39.9348	171
39.9505	171
39.9582	171
39.9613	171
39.979	171
39.9847	171
40.0025	171
40.008	171
40.0087	3436
40.0142	171
40.0213	171
40.0242	171
40.04	1632
40.04	171
40.0455	171
40.0642	171
40.0683	171
40.0719	171
40.081	171
40.0911	171
40.0928	171
40.0958	171
40.1044	171
40.1084	171
40.115	171
40.1176	171
40.1303	171
40.1331	171
40.1506	171
40.1535	171
40.1613	171
40.1708	171
40.1772	171
40.1875	1632
40.1912	171
40.2106	171
40.2145	171
40.2237	171
40.2344	171
40.2383	171
40.2543	171
40.2647	171
40.281	1632
40.2816	171
40.2867	171
40.2959	171
40.3064	171
40.3183	171
40.3329	171
40.3433	171
40.3473	171
40.3559	171
40.3619	1632
40.3621	1632
40.3621	171
40.3742	171
40.3799	171
40.3848	171
40.3877	171
40.3905	171
40.3973	171
40.403	171
40.4094	171
40.4109	171
40.4264	171
40.4367	1632
40.4399	171
40.4462	171
40.4558	171
40.4574	171
40.4706	1632
40.4724	171
40.4773	171
40.481	171
40.4915	171
40.5017	171
40.5047	171
40.5096	171
40.5204	171
40.5241	171
40.5376	1632
40.5444	171
40.5481	171
40.5513	171
40.5635	171
40.5695	171
40.5722	171
40.5754	171
40.5857	1632
40.5926	171
40.5966	171
40.6069	1632
40.6125	171
40.6177	171
40.6207	171
40.6404	171
40.6444	171
40.6474	171
40.6607	171
40.6649	171
40.6701	171
40.6849	171
40.6899	171
40.7002	1632
40.7155	171
40.7174	171
40.7204	171
40.7277	171
40.7389	171
40.7522	171
40.7583	171
40.7676	171
40.7781	171
40.7895	171
40.794	1632
40.7942	171
40.7985	171
40.8081	171
40.819	171
40.8305	171
40.8462	171
40.8508	171
40.8634	171
40.868	1632
40.8681	171
40.8695	171
40.8805	171
40.8926	171
40.9016	171
40.908	171
40.9125	171
40.9206	171
40.9239	171
40.9396	171
40.9459	171
40.9557	171
40.9627	171
40.9751	171
40.9812	171
40.9843	171
40.9982	171
41.0028	171
41.0108	171
41.0181	171
41.024	171
41.027	171
41.0376	171
41.0438	171
41.0495	171
41.0609	171
41.0679	171
41.0712	171
41.0836	171
41.0863	171
41.0924	171
41.094	171
41.1061	1632
41.1109	171
41.1141	171
41.1169	1632
41.1182	171
41.1254	171
41.1288	171
41.142	171
41.1463	171
41.1585	171
41.1611	171
41.1686	171
41.171	171
41.1763	171
41.1843	171
41.1911	1632
41.1911	171
41.1951	171
41.2032	171
41.2169	171
41.2199	171
41.2356	171
41.2465	171
41.254	171
41.2564	171
41.2709	171
41.285	171
41.2883	171
41.296	171
41.3035	171
41.3097	171
41.3192	171
41.3297	171
41.3317	171
41.336	171
41.3502	171
41.3613	171
41.374	171
41.3882	171
41.394	171
41.3974	171
41.4052	171
41.4115	171
41.4158	171
41.4248	171
41.4311	171
41.4414	171
41.4495	171
41.4584	171
41.4722	171
41.4747	171
41.479	171
41.482	171
41.4939	171
41.4963	171
41.5077	171
41.5112	171
41.5145	171
41.522	171
41.5248	171
41.5355	1632
41.5407	171
41.548	171
41.5592	171
41.5668	171
41.5703	171
41.5765	171
41.589	171
41.5919	171
41.5951	171
41.5986	171
41.6067	171
41.615	171
41.6194	171
41.6228	171
41.6267	171
41.6392	171
41.6421	171
41.6484	171
41.6515	171
41.6613	171
41.6638	171
41.6676	171
41.679	171
41.6865	171
41.689	171
41.6929	171
41.6963	171
41.7089	171
41.7153	171
41.7181	171
41.7278	171
41.737	171
41.7402	171
41.7593	171
41.7658	171
41.7717	171
41.7846	171
41.7938	171
41.7955	171
41.8053	171
41.8324	171
41.842	171
41.8456	171
41.8524	171
41.8642	171
41.8735	171
41.8814	171
41.8895	171
41.8998	1632
41.9016	171
41.9049	171
41.9195	171
41.9258	171
41.9391	171
41.9422	171
41.9526	171
41.9684	171
41.9778	171
41.9878	171
41.991	171
42.0006	171
42.0049	171
42.0092	171
42.019	171
42.04	171
42.0469	171
42.0565	171
42.0661	171
42.074	171
42.0881	171
42.0917	171
42.0993	171
42.1073	171
42.111	171
42.1322	171
42.1359	171
42.155	171
42.16	171
42.1643	171
42.1661	171
42.1759	171
42.1861	171
42.1902	171
42.1937	171
42.2064	171
42.2118	171
42.2175	171
42.2265	171
42.233	171
42.2384	171
42.2421	171
42.2531	171
42.2623	171
42.2709	171
42.2837	171
42.2891	171
42.303	171
42.3144	171
42.3189	171
42.3301	171
42.3356	171
42.3422	171
42.351	171
42.3586	171
42.3679	171
42.3716	171
42.3873	171
42.3939	171
42.4055	171
42.4153	171
42.4197	171
42.423	171
42.4313	171
42.4391	171
42.4456	171
42.4525	171
42.463	171
42.4671	171
42.4687	171
42.4733	171
42.488	171
42.4947	171
42.4992	171
42.5139	171
42.5203	171
42.5241	171
42.54	171
42.5496	171
42.5604	1632
42.5612	171
42.569	171
42.5761	171
42.5869	171
42.5949	171
42.5987	171
42.6052	171
42.6181	171
42.6231	171
42.6294	171
42.6497	171
42.6655	171
42.6767	171
42.68	171
42.6835	171
42.6973	171
42.702	171
42.7061	171
42.7149	171
42.7226	171
42.729	171
42.7323	171
42.7359	171
42.7439	171
42.7538	171
42.7589	171
42.775	171
42.7814	171
42.7883	171
42.7964	171
42.8042	171
42.8108	171
42.8217	1632
42.8223	171
42.8283	171
42.8339	171
42.8377	171
42.8546	171
42.8593	171
42.864	171
42.883	171
42.8898	171
42.9015	171
42.9094	171
42.9132	171
42.9166	171
42.9262	171
42.9336	171
42.9399	7216
42.94	171
42.9494	171
42.9542	171
42.9637	171
42.9689	171
42.9855	171
42.9951	171
42.9989	171
43.0119	171
43.017	171
43.0222	171
43.0357	1632
43.0384	171
43.0448	171
43.0482	171
43.0583	171
43.0678	171
43.0717	171
43.0752	171
43.0816	171
43.0943	171
43.0969	171
43.101	171
43.112	1632
43.1126	171
43.1208	171
43.1243	171
43.1282	171
43.1395	171
43.15	171
43.1559	171
43.16	171
43.1684	171
43.1749	171
43.1781	171
43.1819	171
43.1901	171
43.198	171
43.2015	171
43.2054	171
43.221	1632
43.2216	171
43.2268	171
43.2308	171
43.2352	171
43.2483	171
43.2537	1632
43.2538	171
43.2582	171
43.2638	171
43.2679	171
43.2718	171
43.2826	1632
43.2863	171
43.2929	171
43.3049	171
43.3128	171
43.3197	171
43.3431	171
43.3498	171
43.3633	171
43.3725	171
43.3824	171
43.3924	171
43.3983	171
43.4043	171
43.4094	171
43.4212	171
43.426	1632
43.4303	171
43.4447	171
43.4514	171
43.4604	171
43.464	171
43.4679	171
43.4745	171
43.4858	171
43.4906	171
43.5034	171
43.5147	171
43.5226	171
43.5308	1632
43.531	1632
43.5354	171
43.5412	171
43.5454	171
43.5561	171
43.561	171
43.5733	1632
43.582	171
43.5899	171
43.5981	1632
43.6036	171
43.6131	171
43.6291	171
43.631	171
43.634	171
43.6359	171
43.6482	1632
43.651	171
43.6568	171
43.6636	171
43.6724	171
43.6825	171
43.6879	171
43.6977	171
43.7075	171
43.7103	171
43.7144	171
43.7184	171
43.7363	171
43.7388	171
43.7456	171
43.7589	171
43.7641	171
43.766	171
43.7694	171
43.7812	171
43.7893	171
43.7985	171
43.8105	171
43.8154	171
43.8298	1632
43.8316	171
43.8374	171
43.8413	171
43.8534	1632
43.8534	171
43.8713	171
43.8751	171
43.8884	1632
43.8915	171
43.9008	171
43.9047	171
43.921	171
43.9249	171
43.9448	171
43.95	171
43.9555	171
43.9584	171
43.9701	171
43.978	171
43.9865	171
43.9897	171
43.9932	171
44.0051	171
44.0124	171
44.0174	171
44.0213	171
44.0359	171
44.0372	171
44.0391	171
44.057	171
44.0624	171
44.073	171
44.0828	171
44.0851	171
44.0894	171
44.0969	171
44.0997	171
44.108	171
44.1145	171
44.126	171
44.1282	171
44.1322	171
44.1389	171
44.149	171
44.1553	1632
44.1591	171
44.1598	171
44.166	171
44.1761	171
44.1806	171
44.1944	171
44.2004	171
44.2052	171
44.212	171
44.2172	171
44.2252	171
44.2294	171
44.2468	171
44.2566	171
44.2603	171
44.2692	171
44.2795	171
44.285	171
44.295	171
44.305	171
44.3092	171
44.3128	171
44.3221	171
44.3276	171
44.3403	171
44.3475	171
44.351	171
44.3633	171
44.3682	171
44.3745	171
44.3859	171
44.3911	171
44.4068	171
44.4157	171
44.4208	171
44.4227	171
44.4345	171
44.439	171
44.4486	171
44.4544	171
44.4596	171
44.4704	171
44.4742	3436
44.4792	171
44.494	171
44.498	171
44.5083	1632
44.5136	171
44.5193	171
44.5337	1632
44.5342	171
44.5362	171
44.5404	171
44.5536	171
44.5587	171
44.5713	171
44.5865	171
44.5873	171
44.5988	171
44.6074	171
44.6141	171
44.6154	171
44.6189	171
44.635	171
44.6399	171
44.6563	171
44.662	171
44.6774	171
44.6853	171
44.7032	171
44.7076	171
44.7164	171
44.7235	171
44.7336	171
44.7358	171
44.7408	171
44.7451	171
44.7526	171
44.76	171
44.7693	171
44.7796	171
44.7926	3608
44.7927	171
44.8057	1632
44.806	171
44.8245	171
44.8356	171
44.8404	171
44.8684	171
44.8796	171
44.8898	171
44.8968	171
44.9022	171
44.908	171
44.9252	171
44.9306	171
44.9358	171
44.9405	171
44.9454	171
44.949	171
44.951	171
44.9677	171
44.973	171
44.978	171
44.9984	171
45.0168	1632
45.0237	171
45.0292	171
45.035	171
45.044	171
45.0554	171
45.0598	171
45.0635	171
45.08	171
45.0878	171
45.1045	1632
45.1111	171
45.1188	171
45.1299	171
45.1386	171
45.1555	171
45.1599	171
45.1727	171
45.181	171
45.1886	171
45.1924	171
45.204	171
45.2128	171
45.2173	171
45.221	171
45.2333	171
45.2414	171
45.2497	171
45.2567	171
45.26	171
45.2756	171
45.2824	171
45.2894	171
45.2948	171
45.3007	171
45.3098	171
45.3114	1632
45.3181	171
45.3235	171
45.3257	171
45.3294	171
45.3413	1632
45.3419	171
45.3501	171
45.3569	171
45.3583	171
45.3701	1632
45.3707	171
45.3789	171
45.3833	171
45.3962	171
45.4077	171
45.4108	171
45.4159	171
45.425	171
45.4364	171
45.444	171
45.4463	171
45.4539	171
45.4622	171
45.4695	171
45.4773	171
45.4861	171
45.4943	171
45.5018	171
45.5026	171
45.513	1632
45.5201	171
45.5264	171
45.5407	171
45.5455	1632
45.5545	171
45.5605	171
45.5675	171
45.578	171
45.5835	171
45.5889	171
45.5965	171
45.6176	171
45.6221	171
45.6312	171
45.6405	171
45.6442	171
45.6535	171
45.6639	171
45.6701	171
45.6745	171
45.6814	171
45.6863	171
45.6891	171
45.6929	171
45.7009	171
45.7108	171
45.7214	171
45.7298	171
45.7362	171
45.7395	171
45.7571	171
45.7627	171
45.7681	171
45.7723	171
45.7769	171
45.7885	171
45.7956	171
45.8093	171
45.8112	171
45.8155	171
45.8246	171
45.8279	1632
45.8283	171
45.8343	171
45.8446	1632
45.8549	171
45.859	1632
45.8602	171
45.8694	171
45.8727	171
45.8825	171
45.8849	171
45.8919	171
45.9119	171
45.918	171
45.9283	171
45.9315	171
45.9361	171
45.94	171
45.9492	171
45.9574	1632
45.9632	171
45.9654	171
45.9694	171
45.9798	171
45.9902	171
45.9948	171
45.9981	171
46.0108	171
46.0207	171
46.033	171
46.0339	171
46.0465	171
46.0572	171
46.0594	171
46.0787	171
46.0842	171
46.0895	171
46.0927	171
46.1035	171
46.1077	171
46.1182	1632
46.1288	171
46.1359	171
46.1508	171
46.1588	1976
46.1634	171
46.1694	171
46.1774	171
46.1892	171
46.2002	1631
46.2042	171
46.2092	171
46.217	171
46.2255	171
46.2304	171
46.2334	171
46.2445	171
46.2552	171
46.261	171
46.2731	171
46.281	171
46.2957	171
46.3005	171
46.3019	171
46.3123	1631
46.321	171
46.3352	171
46.3437	171
46.3494	171
46.3571	171
46.3684	171
46.3792	171
46.3953	171
46.4043	171
46.4211	171
46.4316	171
46.4351	171
46.4451	171
46.4563	171
46.464	171
46.465	171
46.4743	171
46.486	171
46.4947	171
46.5001	171
46.5109	171
46.5196	171
46.5252	171
46.5289	171
46.5404	1631
46.5424	171
46.5472	171
46.5496	171
46.5598	171
46.5623	171
46.5705	171
46.5808	1632
46.5852	171
46.5899	171
46.5977	171
46.6033	171
46.6115	1632
46.62	171
46.6257	171
46.6362	171
46.6405	171
46.6443	171
46.6544	171
46.663	171
46.6744	171
46.6914	1632
46.6931	171
46.6964	171
46.6997	171
46.7051	171
46.7089	171
46.7173	171
46.7242	171
46.7289	171
46.7354	171
46.7448	171
46.7543	171
46.7592	171
46.7648	171
46.7727	171
46.7845	171
46.7911	171
46.7972	171
46.8137	171
46.817	171
46.8213	171
46.8252	171
46.8353	171
46.8448	171
46.8499	1803
46.8499	171
46.8554	171
46.8711	171
46.8755	171
46.8855	171
46.8904	171
46.896	171
46.9039	171
46.909	171
46.9143	171
46.9222	171
46.9332	171
46.9389	171
46.9627	171
46.976	171
46.9879	171
46.9899	171
46.9938	1632
46.9938	171
46.9982	171
47.0159	171
47.0204	171
47.0325	171
47.0373	171
47.039	171
47.0613	171
47.0807	171
47.0873	171
47.1016	1632
47.103	171
47.1087	171
47.1145	171
47.119	171
47.1363	171
47.1394	171
47.1434	171
47.1533	171
47.1567	171
47.1668	171
47.1743	1632
47.1822	171
47.1943	171
47.2031	171
47.207	171
47.2144	171
47.2266	171
47.2369	1632
47.2484	171
47.2614	171
47.2634	171
47.2692	171
47.2787	171
47.2845	171
47.2941	171
47.2986	1804
47.2991	171
47.3056	171
47.3214	171
47.3263	171
47.3318	171
47.3424	171
47.3521	171
47.3579	171
47.362	171
47.3738	1632
47.3837	171
47.391	171
47.3928	171
47.4023	171
47.412	171
47.417	171
47.4236	171
47.4345	171
47.4419	171
47.4453	171
47.4502	171
47.4544	171
47.4617	171
47.4727	171
47.4779	171
47.4833	171
47.5039	171
47.5105	171
47.5236	171
47.533	171
47.5387	171
47.5572	171
47.5624	171
47.5641	171
47.5698	171
47.5794	171
47.5892	171
47.5996	171
47.6099	1632
47.6187	1632
47.6241	171
47.629	171
47.6343	171
47.6354	171
47.6451	171
47.6548	171
47.6566	171
47.6632	171
47.6706	171
47.6809	1632
47.6898	171
47.6943	171
47.7015	171
47.7091	171
47.7172	171
47.7269	171
47.733	171
47.7353	171
47.7396	171
47.7452	171
47.7537	171
47.7604	171
47.7644	171
47.7769	171
47.7824	171
47.7934	171
47.7975	171
47.8	171
47.8059	171
47.8169	171
47.822	171
47.8275	171
47.8361	171
47.8411	171
47.853	171
47.8591	171
47.8695	171
47.8793	171
47.8844	171
47.8896	171
47.8936	171
47.904	171
47.9099	171
47.9155	171
47.919	171
47.9254	171
47.9401	171
47.943	1632
47.9485	171
47.9548	171
47.9604	171
47.9756	171
47.9886	171
47.9948	171
47.9976	171
48.0116	171
48.0266	171
48.0304	171
48.0417	171
48.0476	171
48.0527	171
48.0567	171
48.0657	171
48.0743	171
48.0802	171
48.0893	171
48.0975	171
48.107	171
48.1182	171
48.1223	171
48.1291	171
48.1348	171
48.1399	171
48.1586	171
48.1634	171
48.1698	171
48.1771	171
48.1856	171
48.1907	171
48.195	171
48.1988	171
48.2146	171
48.2224	171
48.2339	171
48.2402	171
48.2557	171
48.2592	171
48.262	1632
48.2622	1632
48.2643	171
48.2752	171
48.2817	171
48.2848	171
48.2889	171
48.2936	171
48.2995	171
48.3095	171
48.3154	171
48.3205	171
48.3229	171
48.3311	171
48.34	171
48.3461	171
48.3522	171
48.3629	171
48.3728	171
48.3778	171
48.3857	171
48.3917	171
48.4012	171
48.4039	171
48.4096	171
48.429	171
48.4383	171
48.4431	171
48.4533	171
48.4585	171
48.4638	171
48.4733	171
48.4805	171
48.4864	171
48.4924	171
48.4963	171
48.5093	171
48.5143	171
48.5193	171
48.5294	171
48.5347	171
48.5403	171
48.5448	171
48.5491	171
48.5603	171
48.5639	171
48.5732	171
48.5778	3436
48.5778	171
48.5833	171
48.5928	171
48.6001	171
48.6091	171
48.6167	171
48.6299	171
48.635	171
48.6424	171
48.6514	171
48.6697	171
48.6784	171
48.6867	171
48.6957	171
48.7054	171
48.7082	171
48.7142	171
48.7293	171
48.7377	171
48.7453	171
48.7524	171
48.7576	171
48.7685	171
48.7774	171
48.7808	171
48.7838	171
48.7889	171
48.8004	171
48.8075	171
48.8116	171
48.8151	171
48.8177	171
48.8281	1632
48.8281	171
48.8333	171
48.8397	171
48.8436	171
48.8498	171
48.8582	171
48.8622	171
48.8653	171
48.8746	171
48.8815	171
48.8907	171
48.8983	1632
48.8983	171
48.9041	171
48.9126	171
48.9249	171
48.932	171
48.9371	171
48.947	171
48.9602	171
48.967	171
48.9772	171
48.9926	171
48.9986	171
49.0035	171
49.0133	171
49.0275	171
49.0317	171
49.0407	171
49.0508	171
49.0561	171
49.0586	171
49.067	171
49.0768	171
49.0892	171
49.0941	171
49.104	171
49.1123	171
49.12	171
49.134	171
49.142	171
49.1476	171
49.164	171
49.1688	171
49.173	171
49.1828	171
49.1906	171
49.198	171
49.2131	171
49.2142	1632
49.2144	1632
49.2277	171
49.2302	171
49.2543	171
49.2611	171
49.2673	171
49.2886	171
49.297	171
49.3097	171
49.315	171
49.3176	171
49.3221	171
49.3297	171
49.3424	171
49.3496	171
49.3538	171
49.3588	171
49.3625	171
49.3728	1632
49.3771	171
49.389	171
49.4031	171
49.4092	171
49.4141	171
49.4203	171
49.4287	171
49.4342	171
49.4403	171
49.4453	171
49.4514	171
49.4605	171
49.4642	171
49.4678	171
49.4731	171
49.4856	171
49.4933	171
49.4973	171
49.5042	171
49.5108	171
49.5145	171
49.5225	171
49.528	171
49.5338	171
49.5455	1632
49.5484	171
49.5559	171
49.5602	171
49.5677	171
49.5791	171
49.5931	171
49.6006	171
49.6093	171
49.622	171
49.6297	171
49.6336	171
49.6425	171
49.6486	171
49.6548	171
49.6627	171
49.673	1632
49.678	171
49.6827	171
49.6906	171
49.7088	171
49.7132	171
49.7211	171
49.7327	171
49.7391	171
49.7451	171
49.7552	171
49.7618	171
49.7693	171
49.7906	171
49.8026	171
49.8093	171
49.8165	171
49.8205	171
49.8281	171
49.8344	171
49.84	171
49.8437	171
49.8557	171
49.8589	171
49.8633	171
49.8702	171
49.877	171
49.8825	171
49.8924	171
49.9027	171
49.9101	171
49.9194	171
49.9295	171
49.9414	171
49.9476	171
49.9527	171
49.9589	171
49.9741	171
49.989	1976
49.989	171
50.0004	171
50.0026	171
50.0095	171
50.0133	171
50.0215	171
50.027	171
50.0334	171
50.0385	171
50.0576	171
50.0668	171
50.0743	171
50.0943	171
50.0994	171
50.1085	171
50.1185	171
50.1223	171
50.1273	171
50.1287	171
50.1482	171
50.1547	171
50.1611	171
50.1691	171
50.1782	171
50.1902	171
50.2023	171
50.2092	171
50.2183	171
50.2272	171
50.2353	171
50.2405	171
50.2467	171
50.2571	171
50.2634	171
50.2824	171
50.2886	171
50.2918	1632
50.2918	171
50.2961	171
50.3137	171
50.3181	171
50.3251	171
50.3311	171
50.3455	171
50.3538	171
50.3607	171
50.3621	171
50.3664	171
50.3703	171
50.3849	171
50.392	171
50.3964	171
50.4026	171
50.4183	171
50.4275	171
50.4364	171
50.4466	171
50.4532	171
50.4546	171
50.4612	171
50.4665	171
50.4753	171
50.481	171
50.4869	171
50.4925	171
50.4963	171
50.508	171
50.5175	171
50.5278	1632
50.5326	171
50.5429	171
50.5546	171
50.5594	171
50.5665	171
50.5747	171
50.5839	171
50.5892	171
50.606	171
50.616	1632
50.626	1632
50.6299	171
50.6329	171
50.6482	171
50.6611	1632
50.6616	171
50.6733	171
50.677	171
50.6887	171
50.7021	171
50.714	171
50.7226	171
50.7312	171
50.7467	171
50.7506	171
50.7608	171
50.7676	171
50.7745	171
50.7821	171
50.7926	171
50.8192	171
50.8271	171
50.8377	171
50.8441	171
50.8549	171
50.8705	171
50.8771	171
50.8794	171
50.8848	171
50.8928	171
50.8968	171
50.9115	171
50.9175	171
50.9232	171
50.9335	171
50.9491	1632
50.9574	171
50.9638	171
50.9731	171
50.977	171
50.9852	171
51.007	171
51.0297	171
51.0352	171
51.0429	171
51.0494	171
51.056	171
51.064	171
51.068	171
51.0772	171
51.0828	171
51.0892	171
51.0919	171
51.0984	171
51.1049	171
51.1141	171
51.1192	171
51.1289	171
51.1442	171
51.1512	171
51.1579	171
51.1633	171
51.1803	171
51.1934	171
51.2014	171
51.213	171
51.2256	171
51.2279	171
51.2345	171
51.2415	171
51.2518	171
51.256	1632
51.256	171
51.2639	171
51.273	171
51.2834	171
51.2881	171
51.3165	171
51.3208	171
51.3265	171
51.3356	171
51.3434	171
51.3513	171
51.3659	171
51.374	171
51.3859	171
51.3949	171
51.4002	171
51.4085	171
51.4205	171
51.4319	171
51.4373	171
51.4495	171
51.455	171
51.4623	171
51.4733	171
51.4823	171
51.4874	171
51.4993	171
51.5056	171
51.5151	171
51.519	171
51.523	171
51.5294	171
51.5377	171
51.5434	171
51.5577	171
51.5687	171
51.5751	171
51.5797	1632
51.5798	1632
51.5882	171
51.6031	171
51.6141	171
51.6231	171
51.6279	171
51.6345	171
51.6409	171
51.6653	171
51.676	171
51.6826	171
51.6909	171
51.694	3436
51.6975	171
51.7031	171
51.7135	171
51.7174	171
51.7239	171
51.7285	171
51.7364	171
51.7454	171
51.7523	171
51.7588	171
51.7634	171
51.7728	171
51.7806	171
51.7891	171
51.7982	171
51.8047	171
51.8155	171
51.8221	171
51.8305	171
51.8369	171
51.8472	171
51.8597	171
51.8662	171
51.8794	171
51.8871	171
51.8979	171
51.9064	171
51.9129	171
51.9326	171
51.9356	171
51.9461	171
51.9546	171
51.9649	1632
51.9803	171
51.9909	171
51.9974	171
52.0034	171
52.0154	171
52.0188	1632
52.0199	171
52.0315	171
52.038	171
52.0526	171
52.0573	171
52.0633	171
52.0702	171
52.0756	171
52.0792	171
52.0928	171
52.1059	171
52.1096	171
52.1134	171
52.1231	171
52.1321	171
52.1413	171
52.1467	171
52.158	171
52.1671	171
52.1818	1632
52.1871	171
52.1935	171
52.2	171
52.2032	171
52.2125	171
52.2219	171
52.226	171
52.2368	171
52.2451	171
52.2573	171
52.2632	171
52.2722	171
52.2922	171
52.2967	171
52.3026	171
52.3073	171
52.312	171
52.3185	171
52.328	171
52.3339	171
52.3511	171
52.3541	1632
52.3554	171
52.3772	171
52.3867	171
52.3985	171
52.4056	171
52.4157	171
52.4221	171
52.4314	171
52.4411	171
52.4512	171
52.4674	171
52.4742	171
52.4808	171
52.4906	171
52.4948	171
52.5032	1632
52.5032	171
52.5222	171
52.5263	171
52.5385	171
52.5444	171
52.5497	171
52.5557	171
52.5624	171
52.5791	171
52.5894	1632
52.5953	171
52.607	171
52.609	171
52.6145	171
52.6226	171
52.6308	171
52.6367	171
52.6424	171
52.6517	171
52.6572	171
52.6657	171
52.6776	171
52.6854	171
52.6947	171
52.6987	171
52.7105	171
52.7151	171
52.7203	171
52.7281	1804
52.7296	171
52.7345	171
52.7402	171
52.7509	171
52.7619	171
52.773	171
52.7836	171
52.7927	171
52.803	1632
52.8128	171
52.8198	171
52.8256	171
52.8323	171
52.8352	171
52.838	171
52.8477	171
52.8644	171
52.8729	171
52.8778	171
52.8901	171
52.8961	171
52.8983	171
52.9098	171
52.9162	171
52.9261	171
52.9302	171
52.9396	171
52.9413	171
52.9495	171
52.9616	171
52.9693	171
52.9722	171
52.9817	171
52.9884	171
53.0021	171
53.0074	171
53.0132	171
53.032	1632
53.0336	171
53.0381	171
53.0422	171
53.0476	171
53.0492	171
53.069	171
53.0814	171
53.0925	171
53.1046	171
53.1108	171
53.1175	171
53.1282	171
53.1344	171
53.1424	171
53.1536	171
53.163	171
53.1686	171
53.1772	171
53.1831	171
53.1897	171
53.1967	171
53.2034	171
53.2134	171
53.2163	171
53.2246	171
53.2307	171
53.2358	171
53.2441	171
53.25	171
53.2578	171
53.2695	171
53.2885	171
53.2938	171
53.2981	171
53.3049	171
53.312	171
53.3159	171
53.3218	171
53.3379	171
53.342	171
53.3455	1632
53.3457	1632
53.3482	171
53.3578	171
53.368	171
53.3813	171
53.3934	171
53.4012	171
53.4076	171
53.4176	171
53.422	171
53.4344	171
53.4457	171
53.4542	171
53.4662	171
53.4705	171
53.477	171
53.4838	171
53.4905	171
53.4965	171
53.5031	171
53.5105	171
53.5135	171
53.5184	171
53.5252	171
53.5441	171
53.5504	171
53.5602	171
53.568	171
53.5742	171
53.5788	171
53.5826	171
53.5897	171
53.6025	171
53.6191	171
53.6262	171
53.6346	171
53.6392	171
53.6476	171
53.6565	171
53.676	171
53.6785	171
53.6869	171
53.6902	1804
53.6996	171
53.7139	171
53.7187	171
53.7236	171
53.7358	171
53.7437	171
53.7505	171
53.7574	171
53.7643	171
53.7742	171
53.7796	171
53.794	171
53.8061	171
53.8204	171
53.8235	171
53.8319	171
53.8373	171
53.839	171
53.8465	171
53.8574	171
53.8616	171
53.8727	171
53.8815	171
53.8844	171
53.8942	171
53.9017	171
53.9127	171
53.9275	171
53.9342	171
53.942	171
53.9437	171
53.9508	171
53.9627	1632
53.9645	171
53.9665	171
53.9746	171
53.9793	171
53.9921	171
54.003	171
54.0159	171
54.0246	171
54.0383	171
54.0447	1804
54.0447	171
54.0575	171
54.0644	171
54.0784	171
54.0895	171
54.11	171
54.1175	171
54.1245	171
54.1303	171
54.1345	171
54.1465	171
54.1574	1632
54.1611	171
54.1645	171
54.1703	171
54.1775	171
54.1842	171
54.191	171
54.1968	171
54.2057	171
54.2125	171
54.2187	171
54.2244	171
54.2316	171
54.2414	171
54.2444	171
54.2558	171
54.2682	171
54.274	171
54.2782	171
54.2913	1632
54.2954	171
54.3013	171
54.3203	171
54.3245	171
54.3305	171
54.3365	171
54.3406	171
54.3465	171
54.3544	171
54.3594	171
54.3639	171
54.3719	171
54.3856	171
54.3877	171
54.3937	171
54.4017	171
54.4178	171
54.4297	171
54.432	171
54.438	171
54.4438	171
54.4608	171
54.4627	1632
54.467	171
54.4767	171
54.4814	171
54.4855	171
54.4958	1632
54.4998	171
54.5128	171
54.5188	171
54.5272	171
54.542	171
54.5548	171
54.5686	171
54.5757	171
54.5815	171
54.598	171
54.6253	171
54.6424	171
54.6459	171
54.6597	171
54.6628	171
54.6733	171
54.6806	171
54.7007	171
54.7052	171
54.715	171
54.7256	171
54.7276	171
54.7421	171
54.7632	171
54.7681	171
54.7713	171
54.7784	171
54.7884	171
54.8018	1632
54.8067	171
54.818	171
54.8197	171
54.8289	171
54.8333	171
54.8397	171
54.8483	171
54.8716	171
54.8861	171
54.9026	171
54.9046	171
54.9138	171
54.9264	171
54.9309	171
54.9508	171
54.9566	171
54.9617	171
54.9729	171
54.9864	171
54.9948	171
55.002	171
55.016	171
55.0242	171
55.0363	171
55.0398	171
55.0487	171
55.0556	171
55.0687	171
55.0753	171
55.0795	171
55.0923	171
55.0967	171
55.1066	171
55.1132	171
55.1175	171
55.1218	171
55.1319	171
55.1462	171
55.1537	171
55.1683	171
55.176	171
55.2038	1632
55.2222	171
55.2317	3436
55.2454	171
55.2551	171
55.2651	171
55.2693	171
55.2755	171
55.2824	171
55.2901	171
55.3033	171
55.3076	171
55.3205	171
55.3292	171
55.3364	171
55.3439	171
55.3586	171
55.3663	171
55.3734	171
55.3795	171
55.3838	171
55.3967	171
55.4067	171
55.4127	171
55.4202	171
55.4263	171
55.4344	171
55.4412	171
55.4458	171
55.4529	171
55.4584	171
55.4602	171
55.4634	1804
55.4662	171
55.4809	171
55.4875	171
55.5277	171
55.5365	171
55.5491	171
55.5571	171
55.5641	171
55.5706	171
55.5749	171
55.5896	171
55.5989	171
55.6043	171
55.6116	171
55.6177	171
55.6263	171
55.6338	171
55.6408	171
55.6463	171
55.6518	171
55.6647	171
55.6725	171
55.6811	171
55.6902	171
55.6962	171
55.7043	171
55.7075	171
55.7132	171
55.7242	171
55.7286	171
55.7432	171
55.7535	1632
55.7625	171
55.7653	171
55.7795	171
55.7844	171
55.7965	171
55.8054	171
55.818	171
55.823	171
55.8274	171
55.8398	171
55.8441	171
55.8571	171
55.8615	171
55.8732	171
55.8781	171
55.8825	171
55.8952	171
55.9035	171
55.9118	171
55.9195	171
55.9239	171
55.9422	171
55.9493	171
55.9555	171
55.966	171
55.9805	171
55.988	171
55.9984	171
56.0111	171
56.0191	171
56.0402	171
56.0519	171
56.0593	171
56.0654	171
56.0742	171
56.0789	171
56.098	171
56.1104	171
56.1174	171
56.1273	171
56.1354	171
56.1441	171
56.1495	3436
56.1495	171
56.1534	171
56.1565	171
56.1711	171
56.1833	171
56.1906	171
56.1925	171
56.1985	171
56.2055	171
56.2134	171
56.2295	171
56.2357	171
56.2488	171
56.261	171
56.27	171
56.2763	171
56.2833	171
56.3017	171
56.3073	171
56.3164	171
56.3239	171
56.3325	171
56.3386	171
56.3437	171
56.3607	171
56.3657	171
56.3779	171
56.3827	171
56.3869	171
56.4003	171
56.4082	171
56.4166	171
56.4216	171
56.426	171
56.4388	171
56.4483	171
56.4634	171
56.4756	1632
56.4779	171
56.4932	1632
56.4932	171
56.5044	171
56.5175	171
56.5216	171
56.5255	171
56.5416	171
56.5464	171
56.5607	171
56.5714	171
56.578	171
56.5825	171
56.5871	171
56.6034	171
56.6111	171
56.6172	171
56.6216	171
56.6345	171
56.6395	171
56.6518	171
56.6593	171
56.6755	171
56.6819	171
56.6986	171
56.7033	171
56.7131	171
56.7216	171
56.7341	171
56.7398	171
56.747	171
56.7609	171
56.7682	171
56.7772	171
56.782	171
56.7935	171
56.8038	1632
56.8076	171
56.8138	171
56.8166	171
56.8214	171
56.8362	171
56.8429	171
56.8534	171
56.8576	171
56.8705	171
56.8756	171
56.8916	171
56.8954	171
56.9002	171
56.915	171
56.9209	171
56.9323	171
56.9429	171
56.9512	171
56.9581	171
56.9649	171
56.9716	171
56.9761	171
56.9907	171
56.9986	171
57.0139	171
57.0231	171
57.0307	171
57.044	171
57.0507	171
57.0552	171
57.0732	171
57.0871	1632
57.0874	171
57.0947	171
57.0983	2148
57.0983	171
57.1099	171
57.1174	171
57.1301	171
57.1347	171
57.1474	171
57.1544	171
57.1696	171
57.174	171
57.1773	171
57.1871	171
57.1893	171
57.2121	171
57.2167	171
57.2268	171
57.2429	171
57.2493	171
57.2642	1632
57.2666	171
57.2891	171
57.2937	171
57.307	171
57.3151	171
57.324	171
57.3462	171
57.3573	171
57.3657	171
57.3731	171
57.3945	171
57.3972	171
57.4034	171
57.4114	171
57.4234	1632
57.4261	171
57.4455	171
57.453	171
57.4578	171
57.4666	171
57.4748	171
57.4817	171
57.493	171
57.4962	171
57.5112	171
57.5314	171
57.5363	171
57.552	171
57.5596	171
57.5759	171
57.5805	171
57.6086	171
57.6174	171
57.6241	171
57.6334	171
57.634	1803
57.6381	171
57.6487	171
57.6576	171
57.6735	171
57.6767	171
57.6964	171
57.7023	171
57.7062	171
57.7137	171
57.7268	171
57.7394	1632
57.7428	171
57.7535	1632
57.7632	171
57.7714	171
57.7889	171
57.795	171
57.8187	171
57.8273	171
57.8494	171
57.8515	3438
57.8585	171
57.865	171
57.8693	171
57.8696	171
57.8843	171
57.8909	171
57.8946	171
57.9079	171
57.9099	171
57.9203	1632
57.9246	171
57.9327	171
57.9391	171
57.9483	171
57.9503	171
57.9744	171
57.9904	171
57.9945	171
58.0148	1632
58.0248	1634
58.0293	174
58.0381	171
58.0566	171
58.0747	171
58.0794	171
58.0874	171
58.0951	171
58.0971	171
58.1069	171
58.1168	171
58.1222	171
58.1276	171
58.1322	171
58.1368	171
58.1404	171
58.1487	171
58.1577	1632
58.1625	171
58.1672	171
58.1701	171
58.1768	171
58.185	171
58.1914	171
58.2024	171
58.2053	171
58.2103	171
58.2202	171
58.2334	1632
58.2335	1632
58.2335	171
58.2377	171
58.2425	171
58.2474	171
58.2631	1632
58.2669	171
58.2773	1632
58.2898	171
58.2918	171
58.2995	171
58.3111	171
58.3255	171
58.3275	171
58.3436	171
58.358	171
58.3626	171
58.3705	171
58.379	171
58.3886	171
58.398	171
58.4082	171
58.4278	171
58.4317	171
58.4337	171
58.4503	171
58.4645	171
58.4694	1632
58.4694	171
58.4722	171
58.4786	171
58.4918	171
58.4945	171
58.5026	171
58.5047	171
58.5129	171
58.5286	1632
58.5286	171
58.5352	171
58.5398	171
58.5432	171
58.5479	171
58.5531	171
58.5638	171
58.571	171
58.5758	171
58.5919	171
58.5957	171
58.6064	171
58.6111	171
58.616	171
58.642	171
58.6465	171
58.647	171
58.6533	171
58.6552	171
58.6636	171
58.6712	171
58.6806	171
58.6826	171
58.6872	171
58.6929	1632
58.6931	1632
58.6956	171
58.7103	171
58.7162	171
58.718	171
58.7213	171
58.7308	171
58.7349	171
58.7442	171
58.7535	171
58.7615	171
58.7635	171
58.7795	171
58.7893	171
58.7897	171
58.7927	171
58.7992	171
58.8064	171
58.8152	171
58.8255	171
58.8332	171
58.8385	171
58.8552	171
58.8613	171
58.8688	171
58.8738	171
58.8779	1804
58.8856	171
58.8968	171
58.9001	171
58.9066	171
58.9205	1631
58.9249	171
58.9325	171
58.933	171
58.9425	171
58.9497	171
58.9608	171
58.9668	171
58.9692	1804
58.9715	171
58.9766	171
58.9819	171
58.9927	171
58.9997	171
59.0078	171
59.0143	171
59.0227	171
59.0386	171
59.0407	171
59.0454	171
59.0571	171
59.0674	1631
59.0746	171
59.0767	171
59.0845	171
59.096	171
59.1079	171
59.1123	171
59.1128	171
59.1259	171
59.1372	171
59.1466	171
59.1483	171
59.1489	171
59.1566	171
59.1804	1803
59.1844	171
59.1951	171
59.2089	171
59.2149	171
59.221	171
59.2257	171
59.2307	171
59.2445	1631
59.2456	171
59.2567	171
59.2572	171
59.2674	171
59.2766	171
59.2835	171
59.2913	171
59.2919	171
59.2969	171
59.3208	171
59.3214	171
59.3278	171
59.331	171
59.3382	171
59.3476	171
59.3571	171
59.3576	171
59.3822	171
59.3934	171
59.397	171
59.4071	171
59.4202	171
59.4297	171
59.4303	171
59.4387	171
59.4472	171
59.4604	171
59.4666	171
59.475	171
59.4854	1632
59.4933	1632
59.4978	171
59.5027	171
59.5108	171
59.5162	171
59.5277	171
59.539	171
59.5479	171
59.5707	171
59.5756	171
59.579	171
59.5846	1632
59.5862	171
59.5929	171
59.6075	171
59.617	171
59.6342	171
59.6403	171
59.6425	171
59.6509	171
59.6595	171
59.6663	171
59.6765	171
59.6801	171
59.6854	171
59.6922	171
59.6975	171
59.7087	171
59.7124	171
59.7263	171
59.7353	171
59.7437	171
59.7459	171
59.7537	171
59.7562	171
59.7724	171
59.782	171
59.7828	1632
59.7828	171
59.7907	1632
59.7907	171
59.8187	171
59.8271	171
59.8363	171
59.8538	171
59.8559	171
59.8663	171
59.8809	171
59.8877	171
59.8927	171
59.9006	171
59.9061	171
59.9123	171
59.9173	1632
59.9174	1632
59.9193	171
59.9272	171
59.9295	171
59.9374	171
59.9466	171
59.958	171
59.9641	171
59.9663	171
59.9742	171
59.9835	171
59.9979	171
60.0026	171
60.0032	171
60.0135	171
60.0294	171
60.035	171
60.0401	171
60.0504	171
60.0584	171
60.0667	171
60.0747	171
60.0766	171
60.0929	171
60.1038	171
60.1189	171
60.1258	171
60.1305	171
60.134	171
60.1412	171
60.1481	171
60.1673	171
60.1851	171
60.1989	1632
60.2026	171
60.2049	171
60.2128	171
60.2183	171
60.23	171
60.2369	171
60.2416	171
60.2451	171
60.2619	171
60.2742	171
60.281	171
60.2846	171
60.2987	1632
60.3027	171
60.3064	171
60.3137	171
60.3306	171
60.3353	171
60.3388	171
60.3436	171
60.353	171
60.3592	171
60.3645	171
60.3725	171
60.376	171
60.3815	171
60.3914	171
60.3993	171
60.4039	171
60.4062	171
60.4141	171
60.4166	171
60.4314	171
60.4428	171
60.4434	171
60.4513	171
60.4569	171
60.4619	171
60.4703	171
60.4784	171
60.4806	171
60.4915	1632
60.4915	171
60.5006	171
60.5077	171
60.5174	171
60.518	171
60.526	171
60.5285	171
60.5354	171
60.5433	171
60.5503	171
60.5653	171
60.5728	171
60.5801	171
60.5876	171
60.5924	171
60.5959	171
60.6033	171
60.612	5068
60.6194	171
60.6302	171
60.638	171
60.6459	171
60.6512	171
60.6623	171
60.6671	171
60.6708	171
60.6783	171
60.6877	171
60.6948	171
60.7046	171
60.7118	171
60.7158	171
60.7262	171
60.7373	171
60.7424	171
60.7508	171
60.7534	171
60.7682	171
60.7752	171
60.78	171
60.7835	171
60.791	171
60.8014	171
60.8125	171
60.8174	171
60.818	171
60.8355	171
60.8447	171
60.8536	171
60.8572	171
60.8677	171
60.8795	171
60.8913	171
60.8949	171
60.9054	171
60.9158	1632
60.9287	171
60.9438	1632
60.9519	171
60.9546	171
60.9627	171
60.9654	1804
60.9707	171
60.9811	171
60.9848	171
60.9898	171
60.9923	171
61.0029	171
61.0171	171
61.0226	171
61.0282	171
61.0365	171
61.0468	171
61.0567	171
61.0573	171
61.0673	171
61.0749	171
61.0864	171
61.0925	171
61.095	171
61.1017	171
61.1051	171
61.1139	171
61.1273	171
61.1328	171
61.1408	171
61.1481	171
61.1635	171
61.1683	171
61.169	171
61.1778	171
61.1828	171
61.1941	171
61.2046	171
61.2066	171
61.2149	171
61.2376	1634
61.2398	171
61.2499	171
61.2558	171
61.2654	171
61.2721	171
61.2808	171
61.2831	171
61.288	171
61.294	171
61.3035	171
61.3102	171
61.3176	171
61.3261	171
61.3288	171
61.3456	171
61.3562	171
61.365	171
61.3764	171
61.3804	1632
61.3904	1632
61.3922	171
61.396	171
61.401	171
61.4132	171
61.4242	171
61.4308	171
61.4402	171
61.4556	171
61.458	171
61.4648	171
61.4669	171
61.4785	171
61.4911	171
61.4953	171
61.5091	171
61.5182	171
61.527	171
61.5348	171
61.5425	171
61.5506	171
61.5624	171
61.5662	171
61.5732	171
61.5791	171
61.599	171
61.6014	171
61.6089	171
61.6201	1632
61.6224	171
61.6277	171
61.6333	171
61.6434	171
61.6646	171
61.6747	171
61.6819	171
61.6865	1804
61.6905	171
61.6977	171
61.7027	171
61.7062	171
61.7112	171
61.7214	171
61.7371	171
61.7478	171
61.7562	171
61.7665	1632
61.7702	171
61.7749	171
61.7787	171
61.7845	171
61.7896	171
61.7986	171
61.8087	171
61.8111	171
61.8144	171
61.8221	171
61.8386	171
61.8473	171
61.8499	171
61.8587	171
61.8639	171
61.8807	1632
61.8817	171
61.8859	171
61.8965	171
61.8994	171
61.9164	171
61.9268	171
61.9303	171
61.9381	171
61.9477	171
61.9552	171
61.9655	171
61.9691	171
61.9768	171
61.9839	171
62.0043	171
62.0127	171
62.0156	171
62.0227	171
62.0265	171
62.036	171
62.0366	171
62.0449	171
62.0547	171
62.0574	171
62.0648	171
62.0702	171
62.0733	1632
62.0748	171
62.0756	171
62.0838	171
62.0865	171
62.1018	171
62.1121	1632
62.1126	171
62.122	171
62.1337	171
62.1398	171
62.1455	171
62.1534	171
62.1642	171
62.1759	171
62.1806	171
62.1845	171
62.1914	171
62.1951	171
62.2058	171
62.2127	171
62.215	171
62.2204	171
62.2247	171
62.2331	171
62.2413	171
62.25	171
62.2576	171
62.2638	171
62.2708	171
62.2838	1632
62.2849	171
62.291	171
62.295	171
62.3008	171
62.3219	171
62.3283	171
62.3412	171
62.349	171
62.3566	171
62.3623	171
62.3735	171
62.3806	171
62.3875	171
62.3937	171
62.3967	171
62.4098	171
62.4148	171
62.421	171
62.4319	171
62.4422	1632
62.4449	171
62.4474	171
62.4524	171
62.4558	171
62.4586	171
62.4657	171
62.4831	171
62.4839	171
62.4981	171
62.5172	171
62.5207	171
62.5268	171
62.5352	171
62.5378	171
62.5524	171
62.5596	171
62.5672	171
62.574	171
62.5787	171
62.5827	171
62.5902	171
62.6093	1632
62.6185	171
62.6342	171
62.6406	171
62.6432	171
62.6516	171
62.6615	171
62.6717	171
62.6799	171
62.6965	171
62.7037	171
62.7195	171
62.722	171
62.7305	171
62.7386	171
62.7431	171
62.7588	171
62.7615	171
62.7711	171
62.7771	171
62.7818	171
62.7884	171
62.7972	171
62.8093	171
62.8158	171
62.8296	171
62.8362	171
62.8395	171
62.8444	171
62.8552	171
62.8576	171
62.8612	171
62.8672	171
62.8724	171
62.8777	171
62.8841	171
62.8918	171
62.895	171
62.8975	171
62.9045	171
62.9099	171
62.9218	171
62.93	171
62.9321	171
62.9493	171
62.954	171
62.9697	171
62.9721	171
62.9809	171
62.989	171
62.9948	171
63.0052	1632
63.0094	171
63.0155	171
63.0334	171
63.0492	171
63.0512	171
63.0604	171
63.0704	171
63.0788	171
63.0891	1632
63.0891	171
63.0951	171
63.103	171
63.113	171
63.1186	171
63.1225	171
63.1287	171
63.1309	171
63.1366	171
63.1429	171
63.1585	171
63.1659	171
63.1714	171
63.1855	171
63.1893	171
63.2076	171
63.2163	171
63.2228	171
63.2307	171
63.2467	171
63.2643	171
63.2666	171
63.2759	171
63.2837	171
63.2917	171
63.3056	171
63.3087	171
63.3172	171
63.3257	171
63.3347	171
63.3424	171
63.3466	171
63.3554	171
63.3637	171
63.3718	171
63.377	171
63.3859	171
63.3888	171
63.4038	171
63.4226	171
63.4289	171
63.4322	171
63.4401	171
63.4465	171
63.4548	171
63.4642	171
63.4706	171
63.4849	171
63.4954	171
63.4962	171
63.5067	171
63.5175	171
63.5334	171
63.5356	171
63.5364	171
63.5449	171
63.5477	171
63.5581	1632
63.5706	171
63.5737	171
63.5761	171
63.5851	171
63.5879	171
63.5966	171
63.6037	171
63.6109	171
63.614	171
63.6168	171
63.6275	171
63.6383	171
63.6512	171
63.6568	171
63.6657	171
63.6719	171
63.6786	171
63.6968	171
63.7009	171
63.7069	171
63.709	171
63.7163	171
63.7202	171
63.7371	171
63.7379	171
63.7465	171
63.758	171
63.7727	171
63.7775	171
63.7783	171
63.7854	171
63.7899	171
63.7999	171
63.8161	171
63.8184	171
63.8279	3780
63.8279	171
63.8357	171
63.8404	171
63.8564	171
63.8589	171
63.8708	171
63.8867	171
63.897	171
63.8998	171
63.9085	171
63.9147	171
63.9201	171
63.9292	171
63.9491	171
63.952	171
63.9751	171
63.9803	171
63.9813	171
63.9926	171
63.998	171
64.0027	171
64.0124	171
64.021	171
64.0219	171
64.0304	171
64.0366	171
64.0504	1632
64.0512	171
64.0568	171
64.0621	171
64.0709	171
64.0741	171
64.0892	171
64.1005	171
64.1032	171
64.1037	1632
64.1119	171
64.1181	171
64.1307	171
64.1379	171
64.1412	171
64.1439	171
64.1491	171
64.1556	171
64.1652	171
64.1742	171
64.1804	171
64.1897	171
64.1972	171
64.206	171
64.2154	171
64.2204	171
64.2326	171
64.236	171
64.2414	171
64.25	171
64.2592	171
64.2619	171
64.2735	171
64.2838	171
64.2956	171
64.3	171
64.3029	171
64.3124	171
64.3146	171
64.3247	171
64.3325	171
64.3411	171
64.3438	1632
64.3439	1632
64.3439	171
64.351	171
64.3657	171
64.3791	171
64.3841	171
64.3944	171
64.4039	171
64.4139	171
64.4259	171
64.4281	1632
64.4314	171
64.4394	171
64.4503	171
64.4564	171
64.4607	171
64.4636	171
64.4824	171
64.4876	171
64.4956	171
64.5104	171
64.5176	171
64.5242	171
64.5269	171
64.5365	171
64.5387	171
64.5487	171
64.5585	171
64.5618	171
64.5693	171
64.574	171
64.5912	171
64.5944	171
64.5969	171
64.6045	171
64.6091	171
64.6234	171
64.6324	171
64.6353	171
64.6498	171
64.6578	171
64.6688	1632
64.672	171
64.6857	1632
64.6857	171
64.6884	171
64.698	171
64.7076	171
64.7163	171
64.724	171
64.7289	171
64.73	171
64.7415	171
64.7419	1632
64.749	171
64.7622	1632
64.765	171
64.7684	171
64.7711	171
64.78	171
64.7912	171
64.8017	171
64.8043	171
64.8119	171
64.8165	171
64.8239	171
64.8326	171
64.8431	171
64.8461	171
64.8533	171
64.8579	171
64.8683	171
64.8798	1632
64.8876	171
64.8963	171
64.9064	171
64.9165	171
64.9249	171
64.9355	171
64.9411	171
64.9472	171
64.9538	171
64.9625	171
64.9725	171
64.9876	1632
64.9876	171
64.9934	171
65.0011	171
65.0041	171
65.0069	171
65.0142	171
65.018	171
65.0291	171
65.0343	171
65.0424	171
65.0486	171
65.0539	171
65.0707	171
65.0722	1632
65.0804	171
65.0834	171
65.0887	171
65.0994	171
65.1146	171
65.1176	171
65.1266	171
65.157	171
65.1578	171
65.1651	171
65.1766	171
65.1885	171
65.192	1804
65.1921	171
65.195	171
65.2035	171
65.2068	171
65.2172	171
65.2338	171
65.2366	171
65.2439	171
65.2541	171
65.259	171
65.2649	171
65.2785	171
65.2872	171
65.2906	171
65.298	171
65.3061	171
65.3174	171
65.3325	171
65.342	171
65.348	171
65.3598	171
65.3676	171
65.3786	171
65.3895	171
65.3955	1632
65.3981	171
65.4081	171
65.4215	171
65.4274	171
65.4352	171
65.4407	171
65.4501	171
65.4587	171
65.4709	171
65.4906	171
65.4987	171
65.5223	171
65.5249	171
65.5319	171
65.5365	171
65.5483	171
65.5591	171
65.5638	171
65.5666	171
65.5779	171
65.5951	171
65.6025	171
65.606	171
65.6091	171
65.6176	171
65.6313	1632
65.6314	171
65.6418	1632
65.648	171
65.6507	171
65.6546	171
65.6609	171
65.6737	171
65.6903	171
65.6928	171
65.7007	171
65.7046	171
65.7089	171
65.7293	171
65.7326	171
65.7353	171
65.743	171
65.7478	171
65.7656	171
65.7854	171
65.7902	171
65.7977	171
65.8019	171
65.814	171
65.8196	171
65.8401	171
65.8624	171
65.8702	171
65.8748	171
65.8819	171
65.8867	171
65.9021	171
65.9048	171
65.9088	171
65.914	171
65.9175	171
65.9284	171
65.9359	171
65.9472	171
65.9551	171
65.9598	171
65.9675	171
65.9871	171
65.9898	171
65.9933	171
66.0204	1632
66.0204	171
66.0297	171
66.0324	171
66.0402	171
66.0526	171
66.0689	171
66.0746	171
66.0757	171
66.0845	171
66.091	171
66.112	171
66.118	171
66.1293	171
66.1408	171
66.1597	171
66.1609	171
66.1681	171
66.1763	171
66.2029	171
66.219	171
66.2432	171
66.2535	171
66.2611	171
66.2659	171
66.2689	171
66.277	171
66.2857	171
66.2888	171
66.2977	171
66.3011	171
66.3129	171
66.3251	171
66.3308	171
66.3319	171
66.3408	171
66.3438	171
66.3597	171
66.368	171
66.3715	171
66.3747	171
66.3845	171
66.3938	171
66.4034	171
66.4113	171
66.4165	171
66.4173	171
66.4265	171
66.4295	171
66.4455	171
66.4571	171
66.4598	171
66.4695	171
66.4873	171
66.4913	171
66.5003	171
66.5028	171
66.5068	171
66.5147	171
66.5259	1632
66.5262	171
66.543	171
66.5458	171
66.5537	171
66.5584	171
66.5662	171
66.5773	171
66.5929	171
66.6017	171
66.6135	171
66.6258	171
66.6315	171
66.6413	171
66.6635	171
66.675	171
66.6829	171
66.6913	171
66.7125	171
66.7176	171
66.7186	171
66.7241	171
66.7311	171
66.7552	171
66.761	171
66.7623	8503
66.7623	171
66.7673	171
66.7719	171
66.7777	171
66.7849	171
66.7924	171
66.7989	171
66.8021	171
66.8087	171
66.8451	171
66.8486	171
66.8573	171
66.8607	171
66.8678	171
66.8881	1632
66.8883	171
66.8936	171
66.8945	171
66.9042	171
66.9145	1632
66.9283	171
66.9394	171
66.9455	171
66.9492	171
66.9517	171
66.9644	171
66.9694	171
66.9774	1632
66.9775	1632
66.9799	171
66.9964	1632
66.997	171
66.9998	171
67.0039	171
67.0096	171
67.0155	171
67.0235	171
67.0295	171
67.0375	171
67.0428	171
67.0538	171
67.0669	171
67.0751	171
67.0839	171
67.0868	171
67.0909	171
67.0997	171
67.1101	1632
67.1179	171
67.1274	171
67.1303	171
67.1344	171
67.1423	171
67.1538	171
67.1621	171
67.1734	171
67.1779	171
67.1819	171
67.1872	1632
67.1872	171
67.1972	1632
67.2036	171
67.2139	1632
67.2255	171
67.2303	171
67.2396	171
67.2412	171
67.2582	171
67.2615	171
67.2691	171
67.2731	171
67.2901	171
67.3021	171
67.3047	171
67.3128	171
67.3269	171
67.3389	1632
67.3549	171
67.3599	171
67.3691	171
67.3848	171
67.3882	171
67.3958	171
67.4008	171
67.4116	171
67.4235	171
67.437	171
67.4461	171
67.458	171
67.4713	171
67.4819	1632
67.4822	171
67.4948	171
67.5016	171
67.5024	171
67.5121	171
67.5272	1632
67.5276	1632
67.5276	171
67.5284	171
67.5372	171
67.5464	171
67.55	171
67.5647	171
67.5659	171
67.5747	171
67.586	171
67.5904	171
67.6022	171
67.6077	171
67.6085	171
67.6162	171
67.6247	171
67.6304	171
67.6424	1632
67.6494	171
67.6525	171
67.658	171
67.6619	171
67.6653	171
67.6814	171
67.6902	171
67.6957	171
67.7002	171
67.7068	171
67.7183	171
67.7262	171
67.7373	171
67.7409	171
67.7483	171
67.7509	171
67.7611	171
67.7643	171
67.778	171
67.7839	171
67.7924	171
67.7975	171
67.8066	171
67.8165	171
67.8255	171
67.8292	171
67.8383	171
67.852	1632
67.8696	171
67.871	171
67.8768	171
67.8802	171
67.8922	171
67.9039	171
67.9099	171
67.914	171
67.9362	1632
67.9391	171
67.947	171
67.9479	171
67.9699	171
67.9846	171
67.9909	171
67.9977	171
68.0123	1632
68.0223	171
68.0253	171
68.0349	171
68.0455	1632
68.0477	171
68.0508	171
68.0669	171
68.0697	171
68.0805	171
68.0917	171
68.1021	171
68.1119	171
68.1201	171
68.133	171
68.1465	171
68.1563	171
68.1623	171
68.1663	171
68.1731	171
68.1806	171
68.1978	171
68.2016	171
68.2117	171
68.222	1632
68.2251	171
68.2426	171
68.2495	171
68.2584	171
68.2697	171
68.2779	171
68.2907	171
68.2982	171
68.303	171
68.3068	171
68.3143	171
68.3318	171
68.3387	171
68.3446	171
68.348	171
68.3557	171
68.359	171
68.3733	171
68.3765	171
68.38	171
68.3901	171
68.4019	171
68.4209	171
68.4239	171
68.43	171
68.4484	171
68.4655	171
68.4683	171
68.4695	171
68.4787	171
68.4878	171
68.4914	171
68.4992	171
68.5096	1632
68.513	171
68.5143	171
68.5235	171
68.538	171
68.5523	171
68.5583	171
68.5591	171
68.5666	171
68.5753	171
68.581	171
68.5931	1632
68.5967	171
68.6032	171
68.6129	171
68.6164	171
68.6245	171
68.629	171
68.636	171
68.6453	171
68.6486	171
68.6563	171
68.6616	171
68.6708	171
68.6787	171
68.6898	171
68.693	171
68.6972	171
68.7031	171
68.7158	171
68.7189	171
68.7303	171
68.7376	171
68.7388	171
68.7584	1632
68.7594	171
68.7668	171
68.7709	171
68.7835	171
68.7891	171
68.794	171
68.8221	171
68.8277	171
68.8364	171
68.8576	1632
68.8672	171
68.874	171
68.8833	171
68.8939	171
68.8979	171
68.9156	171
68.9184	171
68.9285	171
68.9316	171
68.9516	1632
68.9605	171
68.9635	171
68.9719	171
68.9807	171
68.9936	171
69.0057	171
69.0172	171
69.0224	171
69.0295	171
69.0397	171
69.048	171
69.054	171
69.0586	1804
69.0587	171
69.0651	171
69.0748	171
69.0788	171
69.0969	171
69.1078	171
69.1242	171
69.1428	1632
69.1448	171
69.1531	171
69.1581	171
69.1695	171
69.1901	171
69.1909	171
69.2117	171
69.215	171
69.229	171
69.2348	171
69.2398	171
69.2458	171
69.2493	171
69.2681	171
69.2779	171
69.2872	171
69.2948	171
69.3041	171
69.3121	171
69.3237	171
69.3265	171
69.335	171
69.3475	171
69.37	171
69.3733	171
69.3812	171
69.3934	1632
69.3957	171
69.4061	1632
69.4273	171
69.4346	171
69.4356	171
69.4466	171
69.4586	171
69.4667	171
69.4863	171
69.5042	171
69.5199	171
69.5232	171
69.5431	171
69.5497	171
69.5771	171
69.5806	171
69.5885	171
69.6028	171
69.6147	171
69.6157	171
69.6332	171
69.6403	171
69.6532	171
69.6661	171
69.678	171
69.6883	1631
69.6924	171
69.7028	1631
69.7275	171
69.7335	171
69.7497	171
69.763	171
69.786	171
69.794	171
69.799	171
69.8288	171
69.8402	171
69.8464	171
69.8591	171
69.8883	174
69.8954	171
69.9157	171
69.9192	7732
69.9287	1631
69.9371	171
69.9441	171
69.9544	1631
69.9737	171
69.9967	171
70.0121	171
70.0344	171
70.0474	171
70.0506	171
70.0678	171
70.0941	174
70.0978	171
70.1074	171
70.1228	171
70.1266	1632
70.1267	1632
70.1268	1632
70.1304	171
70.1358	171
70.1437	171
70.1525	171
70.1648	171
70.1675	171
70.1685	171
70.1816	171
70.1899	171
70.2017	171
70.2113	171
70.2142	171
70.215	1632
70.2227	171
70.2281	171
70.2375	171
70.2479	171
70.2573	1632
70.2598	171
70.2612	171
70.2716	171
70.2743	171
70.2856	171
70.3057	171
70.3169	171
70.3201	171
70.3308	1632
70.3339	171
70.3412	171
70.3672	171
70.3711	1632
70.3713	1632
70.3714	1632
70.3803	171
70.3834	171
70.3938	1632
70.3964	171
70.4036	171
70.4135	171
70.4283	171
70.4339	171
70.4462	171
70.4495	171
70.4599	171
70.4728	171
70.4926	171
70.4967	171
70.5193	171
70.5315	1632
70.539	171
70.5423	171
70.5466	171
70.5642	171
70.5676	171
70.5762	171
70.5858	171
70.5887	171
70.5972	171
70.6	171
70.6107	171
70.6196	171
70.6227	171
70.632	171
70.6352	171
70.6365	1632
70.646	1632
70.646	171
70.6549	171
70.6684	171
70.6753	1632
70.6753	171
70.6788	171
70.6822	171
70.6902	171
70.6931	171
70.7053	171
70.7114	171
70.7283	171
70.7369	171
70.742	171
70.7519	171
70.7593	171
70.7646	171
70.7758	171
70.7886	171
70.797	171
70.8018	171
70.8067	171
70.8135	171
70.8186	171
70.826	171
70.8345	171
70.8429	171
70.8469	171
70.8557	171
70.8682	171
70.8769	171
70.8824	171
70.8919	171
70.9022	1632
70.9117	171
70.915	171
70.9236	171
70.9287	171
70.9294	1804
70.9405	171
70.946	171
70.9612	171
70.9723	171
70.9755	171
70.9928	171
71.0052	171
71.0141	171
71.0273	1632
71.0312	171
71.0425	171
71.0439	171
71.052	171
71.0656	171
71.0688	171
71.0776	171
71.09	171
71.1024	171
71.1072	171
71.1206	171
71.1237	171
71.1336	171
71.1457	171
71.1619	171
71.1842	171
71.1956	171
71.2035	171
71.2115	171
71.2153	171
71.2211	171
71.2386	171
71.2541	171
71.2656	171
71.2752	171
71.2834	171
71.2921	171
71.2977	171
71.3073	171
71.3147	171
71.3201	171
71.3272	171
71.3305	171
71.3391	171
71.3412	171
71.3561	171
71.3642	171
71.3672	171
71.3747	171
71.3881	1632
71.3892	171
71.4015	171
71.4048	171
71.4217	1976
71.4217	171
71.4239	171
71.4351	171
71.4392	171
71.4488	171
71.4594	171
71.4715	171
71.473	171
71.4823	171
71.4959	171
71.5043	171
71.516	171
71.5188	171
71.5199	171
71.5417	171
71.5452	171
71.5539	171
71.5637	171
71.5671	171
71.5782	171
71.5845	171
71.5925	171
71.6004	171
71.6106	171
71.614	171
71.6203	171
71.6454	171
71.6613	171
71.6699	171
71.6892	5240
71.6892	171
71.6959	171
71.7018	1632
71.7086	171
71.7194	171
71.7327	171
71.7434	171
71.7497	171
71.7556	171
71.7567	171
71.7701	171
71.7786	171
71.7876	171
71.8003	171
71.8046	171
71.8139	171
71.8256	1632
71.8277	171
71.8383	171
71.8506	171
71.8517	171
71.8619	171
71.8752	171
71.8859	171
71.8954	171
71.8993	171
71.9094	171
71.9205	171
71.9248	171
71.9335	171
71.943	171
71.9461	1632
71.9463	171
71.955	171
71.9603	171
71.9724	171
71.9788	171
71.9811	171
71.9906	171
71.9935	171
72.0004	171
72.0075	1632
72.0084	171
72.0198	171
72.028	171
72.0311	171
72.0407	171
72.0427	171
72.062	171
72.0734	171
72.0766	171
72.0889	171
72.09	171
72.0982	171
72.1075	171
72.1135	171
72.1239	1632
72.1243	171
72.1302	171
72.1338	171
72.1362	171
72.1382	171
72.1489	171
72.1553	171
72.1633	171
72.1816	171
72.1841	171
72.1856	171
72.1953	171
72.2069	171
72.2258	171
72.2295	171
72.2329	171
72.2393	171
72.251	171
72.2571	171
72.2662	171
72.2721	171
72.2758	171
72.2884	171
72.301	171
72.3032	171
72.3042	171
72.3103	171
72.3218	171
72.3249	1632
72.325	1632
72.3277	171
72.3317	171
72.3358	171
72.3489	171
72.3581	171
72.3604	171
72.3625	171
72.3697	171
72.3799	171
72.3875	171
72.3907	171
72.397	171
72.4002	171
72.4031	171
72.4097	171
72.4138	171
72.4248	171
72.4392	171
72.4447	171
72.4579	171
72.4664	171
72.478	171
72.4868	171
72.4966	171
72.4996	171
72.5011	171
72.5133	171
72.5193	171
72.5281	171
72.5345	171
72.5402	171
72.5417	171
72.55	171
72.5661	1632
72.5687	171
72.5743	171
72.5824	171
72.5916	171
72.5967	171
72.6196	171
72.6211	171
72.6314	1632
72.6386	171
72.6482	171
72.6552	171
72.6584	171
72.6631	171
72.6661	171
72.6672	171
72.678	171
72.6865	171
72.6932	171
72.6957	171
72.6968	171
72.7006	171
72.7085	171
72.7223	171
72.7257	171
72.7372	171
72.7448	171
72.748	171
72.7577	171
72.7622	171
72.773	171
72.784	171
72.789	171
72.7941	171
72.8061	171
72.8095	171
72.8106	171
72.8185	171
72.8305	171
72.8426	171
72.8442	171
72.8545	171
72.8619	171
